1; 1; 1; 4974
1; 1; 2; 8368
1; 1; 3; 7480
1; 1; 4; 5189
1; 1; 5; 4958
1; 1; 6; 15458
1; 1; 7; 32702
1; 1; 8; 6925
1; 1; 9; 3292
1; 1; 10; 5232
1; 1; 11; 7617
1; 1; 12; 8141
1; 1; 13; 18
1; 1; 14; 29730
1; 1; 15; 5050
1; 1; 16; 8414
1; 1; 17; 5550
1; 1; 18; 5039
1; 1; 19; 6359
1; 1; 20; 4945
1; 1; 21; 5058
1; 1; 22; 5107
1; 1; 23; 5571
1; 1; 24; 1726
1; 1; 25; 21343
1; 1; 26; 28516
1; 1; 27; 28784
1; 1; 28; 7492
1; 1; 29; 24021
1; 1; 30; 8418
1; 1; 31; 1734
1; 1; 32; 5201
1; 1; 33; 25860
1; 1; 34; 30875
1; 1; 35; 0
1; 1; 36; 5126
1; 1; 37; 5787
1; 1; 38; 4994
1; 1; 39; 24120
1; 1; 40; 3003
1; 1; 41; 19377
1; 1; 42; 34219
1; 1; 43; 5055
1; 1; 44; 6249
1; 1; 45; 5788
1; 1; 46; 30152
1; 1; 47; 5146
1; 1; 48; 1739
1; 1; 49; 4903
1; 1; 50; 7953
1; 1; 51; 6217
1; 1; 52; 4752
1; 1; 53; 1751
1; 1; 54; 31913
1; 1; 55; 5178
1; 1; 56; 4524
1; 1; 57; 1774
1; 1; 58; 19836
1; 1; 59; 795
1; 1; 60; 6587
1; 1; 61; 24118
1; 1; 62; 1303
1; 1; 63; 29647
1; 1; 64; 7610
1; 1; 65; 8272
1; 1; 66; 30157
1; 1; 67; 25908
1; 1; 68; 8584
1; 1; 69; 956
1; 1; 70; 8269
1; 1; 71; 7979
1; 1; 72; 23037
1; 1; 73; 4487
1; 1; 74; 33904
1; 1; 75; 4088
1; 1; 76; 23880
1; 1; 77; 5473
1; 1; 78; 34612
1; 1; 79; 7424
1; 1; 80; 508
1; 1; 81; 817
1; 1; 82; 883
1; 1; 83; 868
1; 1; 84; 859
1; 1; 85; 6260
1; 1; 86; 15945
1; 1; 87; 23106
1; 1; 88; 1246
1; 1; 89; 33827
1; 1; 90; 24295
1; 1; 91; 1278
1; 1; 92; 26862
1; 1; 93; 33926
1; 1; 94; 30365
1; 1; 95; 30089
1; 1; 96; 32864
1; 1; 97; 29885
1; 1; 98; 30242
1; 1; 99; 33954
1; 1; 100; 4367
1; 1; 101; 1957
1; 1; 102; 25082
1; 1; 103; 688
1; 1; 104; 778
1; 1; 105; 3141
1; 1; 106; 1256
1; 1; 107; 785
1; 1; 108; 32973
1; 1; 109; 3357
1; 1; 110; 5882
1; 1; 111; 6828
1; 1; 112; 22751
1; 1; 113; 4201
1; 1; 114; 31151
1; 1; 115; 1602
1; 1; 116; 27700
1; 1; 117; 15911
1; 1; 118; 29175
1; 1; 119; 1188
1; 1; 120; 661
1; 1; 121; 34288
1; 1; 122; 25969
1; 1; 123; 17262
1; 1; 124; 33425
1; 1; 125; 576
1; 1; 126; 5128
1; 1; 127; 17201
1; 1; 128; 33236
1; 1; 129; 31020
1; 1; 130; 1585
1; 1; 131; 31661
1; 1; 132; 5542
1; 1; 133; 0
2; 1; 1; 2839
2; 1; 2; 6498
2; 1; 3; 22184
2; 1; 4; 16908
2; 1; 5; 8365
2; 1; 6; 7083
2; 1; 7; 32096
2; 1; 8; 31156
2; 1; 9; 1312
2; 1; 10; 17541
2; 1; 11; 203
2; 1; 12; 24322
2; 1; 13; 31663
2; 1; 14; 2100
2; 1; 15; 767
2; 1; 16; 5264
2; 1; 17; 5682
2; 1; 18; 34593
2; 1; 19; 33206
2; 1; 20; 31047
2; 1; 21; 30758
2; 1; 22; 5185
2; 1; 23; 8409
2; 1; 24; 3115
2; 1; 25; 26763
2; 1; 26; 2340
2; 1; 27; 5576
2; 1; 28; 943
2; 1; 29; 8369
2; 1; 30; 944
2; 1; 31; 962
2; 1; 32; 941
2; 1; 33; 696
2; 1; 34; 30657
2; 1; 35; 23391
2; 1; 36; 1007
2; 1; 37; 1000
2; 1; 38; 6478
2; 1; 39; 2188
2; 1; 40; 33024
2; 1; 41; 2316
2; 1; 42; 5006
2; 1; 43; 5202
2; 1; 44; 2353
2; 1; 45; 33666
2; 1; 46; 31658
2; 1; 47; 4981
2; 1; 48; 6010
2; 1; 49; 0
1; 2; 1; 1854
1; 2; 2; 875
1; 2; 3; 5053
1; 2; 4; 5205
1; 2; 5; 27965
1; 2; 6; 29032
1; 2; 7; 2699
1; 2; 8; 23728
1; 2; 9; 28825
1; 2; 10; 26079
1; 2; 11; 5362
1; 2; 12; 7308
1; 2; 13; 32559
1; 2; 14; 4766
1; 2; 15; 898
1; 2; 16; 5011
1; 2; 17; 5127
1; 2; 18; 6136
1; 2; 19; 16697
1; 2; 20; 26064
1; 2; 21; 30809
1; 2; 22; 7161
1; 2; 23; 4775
1; 2; 24; 23070
1; 2; 25; 1758
1; 2; 26; 4911
1; 2; 27; 4904
1; 2; 28; 30710
1; 2; 29; 21276
1; 2; 30; 21807
1; 2; 31; 1995
1; 2; 32; 7300
1; 2; 33; 5009
1; 2; 34; 1732
1; 2; 35; 5017
1; 2; 36; 4978
1; 2; 37; 1407
1; 2; 38; 1727
1; 2; 39; 7740
1; 2; 40; 17907
1; 2; 41; 19087
1; 2; 42; 2334
1; 2; 43; 4801
1; 2; 44; 19000
1; 2; 45; 1213
1; 2; 46; 1174
1; 2; 47; 23155
1; 2; 48; 5229
1; 2; 49; 8201
1; 2; 50; 7730
1; 2; 51; 1517
1; 2; 52; 7040
1; 2; 53; 32127
1; 2; 54; 27124
1; 2; 55; 572
1; 2; 56; 31608
1; 2; 57; 34374
1; 2; 58; 783
1; 2; 59; 4337
1; 2; 60; 3295
1; 2; 61; 4358
1; 2; 62; 18006
1; 2; 63; 204
1; 2; 64; 20457
1; 2; 65; 1603
1; 2; 66; 33070
1; 2; 67; 18720
1; 2; 68; 23160
1; 2; 69; 6274
1; 2; 70; 5794
1; 2; 71; 24330
1; 2; 72; 27561
1; 2; 73; 4359
1; 2; 74; 24229
1; 2; 75; 30863
1; 2; 76; 24042
1; 2; 77; 5296
1; 2; 78; 4357
1; 2; 79; 1264
1; 2; 80; 24046
1; 2; 81; 24294
1; 2; 82; 15168
1; 2; 83; 29893
1; 2; 84; 5036
1; 2; 85; 34366
1; 2; 86; 851
1; 2; 87; 1332
1; 2; 88; 5792
1; 2; 89; 1336
1; 2; 90; 1241
1; 2; 91; 32895
1; 2; 92; 30165
1; 2; 93; 31441
1; 2; 94; 8233
1; 2; 95; 7009
1; 2; 96; 7709
1; 2; 97; 27692
1; 2; 98; 20412
1; 2; 99; 811
1; 2; 100; 1378
1; 2; 101; 16759
1; 2; 102; 4858
1; 2; 103; 34762
1; 2; 104; 4949
1; 2; 105; 4774
1; 2; 106; 972
1; 2; 107; 2680
1; 2; 108; 5131
1; 2; 109; 0
1; 2; 110; 1594
1; 2; 111; 0
2; 2; 1; 34672
2; 2; 2; 4734
2; 2; 3; 996
2; 2; 4; 1015
2; 2; 5; 1064
2; 2; 6; 25745
2; 2; 7; 26414
2; 2; 8; 27465
2; 2; 9; 24047
2; 2; 10; 17665
2; 2; 11; 960
2; 2; 12; 701
2; 2; 13; 34424
2; 2; 14; 7505
2; 2; 15; 1731
2; 2; 16; 17379
2; 2; 17; 20328
2; 2; 18; 32694
2; 2; 19; 5970
2; 2; 20; 24882
2; 2; 21; 1334
2; 2; 22; 1267
2; 2; 23; 31961
2; 2; 24; 30825
2; 2; 25; 4779
2; 2; 26; 1084
2; 2; 27; 22253
2; 2; 28; 1247
2; 2; 29; 1335
2; 2; 30; 20255
2; 2; 31; 3134
2; 2; 32; 31904
2; 2; 33; 24461
2; 2; 34; 22771
2; 2; 35; 2094
2; 2; 36; 6270
2; 2; 37; 6181
2; 2; 38; 17733
2; 2; 39; 33951
2; 2; 40; 5773
2; 2; 41; 32261
2; 2; 42; 32370
2; 2; 43; 23086
2; 2; 44; 395
2; 2; 45; 26558
2; 2; 46; 8983
2; 2; 47; 1269
2; 2; 48; 26401
2; 2; 49; 1590
2; 2; 50; 1924
2; 2; 51; 8497
2; 2; 52; 30383
2; 2; 53; 8444
2; 2; 54; 19186
2; 2; 55; 29598
2; 2; 56; 658
2; 2; 57; 927
2; 2; 58; 17439
2; 2; 59; 5908
2; 2; 60; 15093
2; 2; 61; 24119
2; 2; 62; 29911
2; 2; 63; 31189
2; 2; 64; 33003
2; 2; 65; 952
2; 2; 66; 4721
2; 2; 67; 993
2; 2; 68; 33953
2; 2; 69; 951
2; 2; 70; 1005
2; 2; 71; 940
2; 2; 72; 30351
2; 2; 73; 34197
2; 2; 74; 32952
2; 2; 75; 4953
2; 2; 76; 32746
2; 2; 77; 30199
2; 2; 78; 5762
2; 2; 79; 948
2; 2; 80; 1526
2; 2; 81; 24164
2; 2; 82; 6813
2; 2; 83; 4881
2; 2; 84; 846
2; 2; 85; 24163
2; 2; 86; 3238
2; 2; 87; 32876
2; 2; 88; 8290
2; 2; 89; 25776
2; 2; 90; 30814
2; 2; 91; 34199
2; 2; 92; 768
2; 2; 93; 22825
2; 2; 94; 624
2; 2; 95; 1155
2; 2; 96; 622
2; 2; 97; 4354
2; 2; 98; 7237
2; 2; 99; 571
2; 2; 100; 538
2; 2; 101; 7437
2; 2; 102; 2259
2; 2; 103; 24180
2; 2; 104; 8202
2; 2; 105; 730
2; 2; 106; 32538
2; 2; 107; 30872
2; 2; 108; 4749
2; 2; 109; 29895
2; 2; 110; 2698
2; 2; 111; 25678
2; 2; 112; 5056
2; 2; 113; 4955
2; 2; 114; 30528
2; 2; 115; 8413
2; 2; 116; 1374
2; 2; 117; 28495
2; 2; 118; 0
1; 3; 1; 4926
1; 3; 2; 4814
1; 3; 3; 5037
1; 3; 4; 5139
1; 3; 5; 5226
1; 3; 6; 3219
1; 3; 7; 2500
1; 3; 8; 30730
1; 3; 9; 406
1; 3; 10; 4823
1; 3; 11; 20690
1; 3; 12; 28315
1; 3; 13; 20231
1; 3; 14; 19546
1; 3; 15; 31267
1; 3; 16; 33666
1; 3; 17; 4767
1; 3; 18; 4907
1; 3; 19; 4845
1; 3; 20; 7309
1; 3; 21; 4800
1; 3; 22; 4910
1; 3; 23; 4831
1; 3; 24; 5114
1; 3; 25; 5048
1; 3; 26; 8319
1; 3; 27; 4772
1; 3; 28; 5832
1; 3; 29; 5140
1; 3; 30; 5152
1; 3; 31; 5109
1; 3; 32; 15142
1; 3; 33; 34739
1; 3; 34; 32601
1; 3; 35; 1772
1; 3; 36; 1959
1; 3; 37; 31548
1; 3; 38; 6603
1; 3; 39; 25100
1; 3; 40; 4755
1; 3; 41; 32285
1; 3; 42; 5082
1; 3; 43; 4816
1; 3; 44; 34841
1; 3; 45; 24125
1; 3; 46; 5861
1; 3; 47; 4804
1; 3; 48; 5555
1; 3; 49; 2757
1; 3; 50; 4748
1; 3; 51; 4751
1; 3; 52; 8030
1; 3; 53; 29921
1; 3; 54; 4753
1; 3; 55; 29509
1; 3; 56; 4798
1; 3; 57; 31279
1; 3; 58; 6865
1; 3; 59; 20621
1; 3; 60; 5221
1; 3; 61; 20215
1; 3; 62; 4825
1; 3; 63; 26515
1; 3; 64; 7774
1; 3; 65; 15074
1; 3; 66; 114
1; 3; 67; 31663
1; 3; 68; 2682
1; 3; 69; 31658
1; 3; 70; 4987
1; 3; 71; 3205
1; 3; 72; 31461
1; 3; 73; 0
2; 3; 1; 2688
2; 3; 2; 7772
2; 3; 3; 363
2; 3; 4; 21335
2; 3; 5; 32813
2; 3; 6; 34582
2; 3; 7; 27327
2; 3; 8; 2627
2; 3; 9; 4935
2; 3; 10; 8211
2; 3; 11; 4956
2; 3; 12; 30969
2; 3; 13; 4970
2; 3; 14; 5012
2; 3; 15; 20010
2; 3; 16; 15940
2; 3; 17; 24162
2; 3; 18; 5018
2; 3; 19; 4875
2; 3; 20; 6147
2; 3; 21; 4780
2; 3; 22; 27613
2; 3; 23; 5097
2; 3; 24; 6887
2; 3; 25; 5204
2; 3; 26; 6316
2; 3; 27; 4985
2; 3; 28; 4773
2; 3; 29; 33849
2; 3; 30; 3140
2; 3; 31; 23810
2; 3; 32; 4851
2; 3; 33; 32823
2; 3; 34; 31661
2; 3; 35; 5804
2; 3; 36; 7104
2; 3; 37; 5105
2; 3; 38; 5983
2; 3; 39; 2539
2; 3; 40; 1888
2; 3; 41; 5093
2; 3; 42; 3046
2; 3; 43; 6144
2; 3; 44; 5564
2; 3; 45; 30238
2; 3; 46; 4783
2; 3; 47; 15825
2; 3; 48; 1745
2; 3; 49; 7211
2; 3; 50; 4879
2; 3; 51; 895
2; 3; 52; 2697
2; 3; 53; 1826
2; 3; 54; 31679
2; 3; 55; 34121
2; 3; 56; 4844
2; 3; 57; 5092
2; 3; 58; 32102
2; 3; 59; 30968
2; 3; 60; 32778
2; 3; 61; 0
1; 4; 1; 358
1; 4; 2; 16575
1; 4; 3; 23596
1; 4; 4; 16919
1; 4; 5; 24043
1; 4; 6; 4782
1; 4; 7; 22704
1; 4; 8; 26836
1; 4; 9; 1212
1; 4; 10; 32809
1; 4; 11; 2091
1; 4; 12; 33532
1; 4; 13; 1625
1; 4; 14; 6286
1; 4; 15; 4992
1; 4; 16; 18
1; 4; 17; 4740
1; 4; 18; 29035
1; 4; 19; 5190
1; 4; 20; 15487
1; 4; 21; 6395
1; 4; 22; 6587
1; 4; 23; 4842
1; 4; 24; 0
1; 4; 25; 33236
1; 4; 26; 30026
1; 4; 27; 6340
1; 4; 28; 8363
1; 4; 29; 1043
1; 4; 30; 16093
1; 4; 31; 7133
1; 4; 32; 4815
1; 4; 33; 29266
1; 4; 34; 5219
1; 4; 35; 5116
1; 4; 36; 5888
1; 4; 37; 8327
1; 4; 38; 338
1; 4; 39; 2707
1; 4; 40; 5929
1; 4; 41; 5175
1; 4; 42; 29250
1; 4; 43; 4957
1; 4; 44; 5170
1; 4; 45; 1601
1; 4; 46; 2832
1; 4; 47; 4977
1; 4; 48; 1755
1; 4; 49; 1805
1; 4; 50; 1760
1; 4; 51; 1895
1; 4; 52; 28819
1; 4; 53; 8410
1; 4; 54; 31469
1; 4; 55; 2188
1; 4; 56; 562
1; 4; 57; 6248
1; 4; 58; 550
1; 4; 59; 23110
1; 4; 60; 552
1; 4; 61; 843
1; 4; 62; 945
1; 4; 63; 809
1; 4; 64; 810
1; 4; 65; 29973
1; 4; 66; 33740
1; 4; 67; 597
1; 4; 68; 2524
1; 4; 69; 7205
1; 4; 70; 644
1; 4; 71; 949
1; 4; 72; 7720
1; 4; 73; 2728
1; 4; 74; 25465
1; 4; 75; 27158
1; 4; 76; 7184
1; 4; 77; 2714
1; 4; 78; 933
1; 4; 79; 6654
1; 4; 80; 21300
1; 4; 81; 26706
1; 4; 82; 23922
1; 4; 83; 33104
1; 4; 84; 0
2; 4; 1; 25188
2; 4; 2; 2836
2; 4; 3; 15767
2; 4; 4; 6771
2; 4; 5; 4878
2; 4; 6; 7753
2; 4; 7; 4234
2; 4; 8; 31183
2; 4; 9; 3348
2; 4; 10; 22147
2; 4; 11; 28517
2; 4; 12; 23852
2; 4; 13; 5793
2; 4; 14; 31156
2; 4; 15; 1211
2; 4; 16; 1246
2; 4; 17; 6863
2; 4; 18; 2593
2; 4; 19; 34504
2; 4; 20; 20453
2; 4; 21; 20963
2; 4; 22; 8331
2; 4; 23; 24449
2; 4; 24; 31025
2; 4; 25; 31517
2; 4; 26; 4576
2; 4; 27; 29892
2; 4; 28; 34611
2; 4; 29; 6428
2; 4; 30; 17714
2; 4; 31; 3197
2; 4; 32; 25704
2; 4; 33; 30440
2; 4; 34; 20844
2; 4; 35; 3209
2; 4; 36; 5297
2; 4; 37; 32711
2; 4; 38; 3045
2; 4; 39; 34050
2; 4; 40; 1254
2; 4; 41; 6360
2; 4; 42; 2516
2; 4; 43; 2939
2; 4; 44; 21297
2; 4; 45; 882
2; 4; 46; 1272
2; 4; 47; 23702
2; 4; 48; 1583
2; 4; 49; 30815
2; 4; 50; 526
2; 4; 51; 7714
2; 4; 52; 32735
2; 4; 53; 573
2; 4; 54; 7314
2; 4; 55; 1720
2; 4; 56; 5303
2; 4; 57; 1324
2; 4; 58; 7072
2; 4; 59; 141
2; 4; 60; 1063
2; 4; 61; 2652
2; 4; 62; 33781
2; 4; 63; 25584
2; 4; 64; 7137
2; 4; 65; 18837
2; 4; 66; 2456
2; 4; 67; 8131
2; 4; 68; 1221
2; 4; 69; 30824
2; 4; 70; 29087
2; 4; 71; 33996
2; 4; 72; 1669
2; 4; 73; 642
2; 4; 74; 23990
2; 4; 75; 7070
2; 4; 76; 8188
2; 4; 77; 880
2; 4; 78; 747
2; 4; 79; 18967
2; 4; 80; 5215
2; 4; 81; 18872
2; 4; 82; 4631
2; 4; 83; 32889
2; 4; 84; 28082
2; 4; 85; 5063
2; 4; 86; 6315
2; 4; 87; 2949
2; 4; 88; 1663
2; 4; 89; 5729
2; 4; 90; 5010
2; 4; 91; 7953
2; 4; 92; 1764
2; 4; 93; 5015
2; 4; 94; 4350
2; 4; 95; 31898
2; 4; 96; 4969
2; 4; 97; 24120
2; 4; 98; 17969
2; 4; 99; 31023
2; 4; 100; 1824
2; 4; 101; 30370
2; 4; 102; 2300
2; 4; 103; 5351
2; 4; 104; 4838
2; 4; 105; 20793
2; 4; 106; 32606
2; 4; 107; 22342
2; 4; 108; 5856
2; 4; 109; 3349
2; 4; 110; 17095
2; 4; 111; 1181
2; 4; 112; 1728
2; 4; 113; 5176
2; 4; 114; 19155
2; 4; 115; 16607
2; 4; 116; 4895
2; 4; 117; 6272
2; 4; 118; 1876
2; 4; 119; 0
1; 5; 1; 33346
1; 5; 2; 5038
1; 5; 3; 6289
1; 5; 4; 4857
1; 5; 5; 28125
1; 5; 6; 4824
1; 5; 7; 5061
1; 5; 8; 4991
1; 5; 9; 28289
1; 5; 10; 5407
1; 5; 11; 6809
1; 5; 12; 122
1; 5; 13; 15426
1; 5; 14; 5049
1; 5; 15; 4896
1; 5; 16; 26054
1; 5; 17; 19697
1; 5; 18; 4934
1; 5; 19; 6888
1; 5; 20; 4796
1; 5; 21; 7308
1; 5; 22; 4579
1; 5; 23; 25213
1; 5; 24; 23728
1; 5; 25; 0
1; 5; 26; 4986
1; 5; 27; 4829
1; 5; 28; 3018
1; 5; 29; 22296
1; 5; 30; 27189
1; 5; 31; 7371
1; 5; 32; 7373
1; 5; 33; 26248
1; 5; 34; 7372
1; 5; 35; 32560
1; 5; 36; 16960
1; 5; 37; 7370
1; 5; 38; 909
1; 5; 39; 969
1; 5; 40; 7365
1; 5; 41; 930
1; 5; 42; 34669
1; 5; 43; 7980
1; 5; 44; 23955
1; 5; 45; 935
1; 5; 46; 4319
1; 5; 47; 1518
1; 5; 48; 789
1; 5; 49; 20533
1; 5; 50; 2483
1; 5; 51; 24705
1; 5; 52; 1247
1; 5; 53; 1506
1; 5; 54; 20419
1; 5; 55; 751
1; 5; 56; 1083
1; 5; 57; 6912
1; 5; 58; 256
1; 5; 59; 31136
1; 5; 60; 16326
1; 5; 61; 18009
1; 5; 62; 1066
1; 5; 63; 891
1; 5; 64; 24044
1; 5; 65; 24358
1; 5; 66; 5036
1; 5; 67; 26265
1; 5; 68; 1041
1; 5; 69; 6322
1; 5; 70; 33071
1; 5; 71; 8435
1; 5; 72; 30075
1; 5; 73; 16062
1; 5; 74; 18963
1; 5; 75; 4318
1; 5; 76; 6321
1; 5; 77; 25543
1; 5; 78; 26317
1; 5; 79; 1068
1; 5; 80; 29204
1; 5; 81; 1280
1; 5; 82; 33162
1; 5; 83; 5791
1; 5; 84; 15265
1; 5; 85; 26070
1; 5; 86; 804
1; 5; 87; 697
1; 5; 88; 34486
1; 5; 89; 7374
1; 5; 90; 23890
1; 5; 91; 1522
1; 5; 92; 733
1; 5; 93; 3308
1; 5; 94; 30812
1; 5; 95; 7747
1; 5; 96; 4852
1; 5; 97; 31661
1; 5; 98; 20512
1; 5; 99; 4884
1; 5; 100; 33211
1; 5; 101; 4797
1; 5; 102; 30229
1; 5; 103; 1771
1; 5; 104; 8244
1; 5; 105; 19987
1; 5; 106; 33666
1; 5; 107; 32568
1; 5; 108; 325
1; 5; 109; 4235
1; 5; 110; 32774
1; 5; 111; 7941
1; 5; 112; 8361
1; 5; 113; 6168
1; 5; 114; 34458
1; 5; 115; 3223
1; 5; 116; 0
2; 5; 1; 33686
2; 5; 2; 5209
2; 5; 3; 26241
2; 5; 4; 2184
2; 5; 5; 361
2; 5; 6; 820
2; 5; 7; 15272
2; 5; 8; 34762
2; 5; 9; 4746
2; 5; 10; 892
2; 5; 11; 16580
2; 5; 12; 5141
2; 5; 13; 5111
2; 5; 14; 5636
2; 5; 15; 5159
2; 5; 16; 5052
2; 5; 17; 7541
2; 5; 18; 28899
2; 5; 19; 6503
2; 5; 20; 31658
2; 5; 21; 31663
2; 5; 22; 1903
2; 5; 23; 8412
2; 5; 24; 15760
2; 5; 25; 5142
2; 5; 26; 1875
2; 5; 27; 21701
2; 5; 28; 25195
2; 5; 29; 2314
2; 5; 30; 2621
2; 5; 31; 5339
2; 5; 32; 34679
2; 5; 33; 34910
2; 5; 34; 5239
2; 5; 35; 5224
2; 5; 36; 5005
2; 5; 37; 4988
2; 5; 38; 26079
2; 5; 39; 5004
2; 5; 40; 22171
2; 5; 41; 7740
2; 5; 42; 5166
2; 5; 43; 34878
2; 5; 44; 4950
2; 5; 45; 21967
2; 5; 46; 603
2; 5; 47; 24078
2; 5; 48; 4750
2; 5; 49; 4608
2; 5; 50; 5144
2; 5; 51; 32946
2; 5; 52; 1934
2; 5; 53; 30375
2; 5; 54; 537
2; 5; 55; 2212
2; 5; 56; 28061
2; 5; 57; 7315
2; 5; 58; 7316
2; 5; 59; 31188
2; 5; 60; 2740
2; 5; 61; 25262
2; 5; 62; 584
2; 5; 63; 33947
2; 5; 64; 7477
2; 5; 65; 1017
2; 5; 66; 33976
2; 5; 67; 574
2; 5; 68; 33840
2; 5; 69; 7791
2; 5; 70; 1085
2; 5; 71; 1223
2; 5; 72; 7097
2; 5; 73; 162
2; 5; 74; 32168
2; 5; 75; 812
2; 5; 76; 22483
2; 5; 77; 31323
2; 5; 78; 27100
2; 5; 79; 34306
2; 5; 80; 31801
2; 5; 81; 766
2; 5; 82; 836
2; 5; 83; 30149
2; 5; 84; 26190
2; 5; 85; 4618
2; 5; 86; 1273
2; 5; 87; 33985
2; 5; 88; 5679
2; 5; 89; 839
2; 5; 90; 16132
2; 5; 91; 0
