1; 1; 1; 363
1; 1; 2; 3223
1; 1; 3; 33236
1; 1; 4; 7772
1; 1; 5; 0
1; 1; 6; 6503
1; 1; 7; 31658
1; 1; 8; 31020
1; 1; 9; 4926
1; 1; 10; 25745
1; 1; 11; 30824
1; 1; 12; 31152
1; 1; 13; 34306
1; 1; 14; 1043
1; 1; 15; 8188
1; 1; 16; 1303
1; 1; 17; 5473
1; 1; 18; 817
1; 1; 19; 2741
1; 1; 20; 32168
1; 1; 21; 18837
1; 1; 22; 26706
1; 1; 23; 20255
1; 1; 24; 1924
1; 1; 25; 2094
1; 1; 26; 31900
1; 1; 27; 930
1; 1; 28; 162
1; 1; 29; 32895
1; 1; 30; 1221
1; 1; 31; 23106
1; 1; 32; 16673
1; 1; 33; 2516
1; 1; 34; 8331
1; 1; 35; 16326
1; 1; 36; 256
1; 1; 37; 28517
1; 1; 38; 3141
1; 1; 39; 778
1; 1; 40; 4357
1; 1; 41; 6322
1; 1; 42; 19168
1; 1; 43; 6274
1; 1; 44; 20453
1; 1; 45; 7791
1; 1; 46; 4337
1; 1; 47; 624
1; 1; 48; 7011
1; 1; 49; 1583
1; 1; 50; 32876
1; 1; 51; 25776
1; 1; 52; 32300
1; 1; 53; 30411
1; 1; 54; 34593
1; 1; 55; 24180
1; 1; 56; 32946
1; 1; 57; 33532
1; 1; 58; 2091
1; 1; 59; 24078
1; 1; 60; 34878
1; 1; 61; 4773
1; 1; 62; 8030
1; 1; 63; 4956
1; 1; 64; 4748
1; 1; 65; 20010
1; 1; 66; 7740
1; 1; 67; 30968
1; 1; 68; 28899
1; 1; 69; 17201
1; 1; 70; 2300
1; 1; 71; 4934
1; 1; 72; 7953
1; 1; 73; 31279
1; 1; 74; 7211
1; 1; 75; 34121
1; 1; 76; 6359
1; 1; 77; 19155
1; 1; 78; 5058
1; 1; 79; 26079
1; 1; 80; 5056
1; 1; 81; 28289
1; 1; 82; 30528
1; 1; 83; 2184
1; 1; 84; 6315
1; 1; 85; 4852
1; 1; 86; 31661
1; 1; 87; 7161
1; 1; 88; 3140
1; 1; 89; 6587
1; 1; 90; 20690
1; 1; 91; 15767
1; 1; 92; 33666
1; 1; 93; 6395
1; 1; 94; 4801
1; 1; 95; 8365
1; 1; 96; 0
2; 1; 1; 21335
2; 1; 2; 358
2; 1; 3; 4579
2; 1; 4; 3219
2; 1; 5; 29032
2; 1; 6; 2500
2; 1; 7; 5232
2; 1; 8; 4235
2; 1; 9; 8211
2; 1; 10; 4907
2; 1; 11; 31663
2; 1; 12; 4950
2; 1; 13; 5205
2; 1; 14; 6340
2; 1; 15; 34762
2; 1; 16; 34458
2; 1; 17; 3018
2; 1; 18; 2682
2; 1; 19; 8413
2; 1; 20; 18
2; 1; 21; 2539
2; 1; 22; 19546
2; 1; 23; 30809
2; 1; 24; 5141
2; 1; 25; 6316
2; 1; 26; 5015
2; 1; 27; 4753
2; 1; 28; 1758
2; 1; 29; 6249
2; 1; 30; 32606
2; 1; 31; 19697
2; 1; 32; 4752
2; 1; 33; 6603
2; 1; 34; 24125
2; 1; 35; 5564
2; 1; 36; 1995
2; 1; 37; 25860
2; 1; 38; 5093
2; 1; 39; 30152
2; 1; 40; 4798
2; 1; 41; 34679
2; 1; 42; 5176
2; 1; 43; 8319
2; 1; 44; 24120
2; 1; 45; 15426
2; 1; 46; 5362
2; 1; 47; 8412
2; 1; 48; 5144
2; 1; 49; 4955
2; 1; 50; 4970
2; 1; 51; 5201
2; 1; 52; 7357
2; 1; 53; 550
2; 1; 54; 23155
2; 1; 55; 7730
2; 1; 56; 32562
2; 1; 57; 31469
2; 1; 58; 538
2; 1; 59; 5682
2; 1; 60; 28061
2; 1; 61; 30375
2; 1; 62; 7040
2; 1; 63; 6955
2; 1; 64; 23110
2; 1; 65; 584
2; 1; 66; 22825
2; 1; 67; 1155
2; 1; 68; 23795
2; 1; 69; 33976
2; 1; 70; 526
2; 1; 71; 30815
2; 1; 72; 8290
2; 1; 73; 19375
2; 1; 74; 571
2; 1; 75; 1007
2; 1; 76; 1213
2; 1; 77; 23702
2; 1; 78; 6139
2; 1; 79; 853
2; 1; 80; 30089
2; 1; 81; 31136
2; 1; 82; 751
2; 1; 83; 30365
2; 1; 84; 1332
2; 1; 85; 18887
2; 1; 86; 1084
2; 1; 87; 1246
2; 1; 88; 1335
2; 1; 89; 27137
2; 1; 90; 3308
2; 1; 91; 2456
2; 1; 92; 8269
2; 1; 93; 23880
2; 1; 94; 30164
2; 1; 95; 34582
2; 1; 96; 4814
2; 1; 97; 3205
2; 1; 98; 31548
2; 1; 99; 32285
2; 1; 100; 19377
2; 1; 101; 4857
2; 1; 102; 5190
2; 1; 103; 0
1; 2; 1; 2688
1; 2; 2; 23728
1; 2; 3; 15911
1; 2; 4; 16132
1; 2; 5; 1040
1; 2; 6; 30812
1; 2; 7; 31441
1; 2; 8; 23890
1; 2; 9; 16093
1; 2; 10; 21094
1; 2; 11; 1241
1; 2; 12; 6260
1; 2; 13; 883
1; 2; 14; 1336
1; 2; 15; 28007
1; 2; 16; 1273
1; 2; 17; 5791
1; 2; 18; 17541
1; 2; 19; 1264
1; 2; 20; 24461
1; 2; 21; 31904
1; 2; 22; 1256
1; 2; 23; 34050
1; 2; 24; 1957
1; 2; 25; 1269
1; 2; 26; 22771
1; 2; 27; 4367
1; 2; 28; 20457
1; 2; 29; 30825
1; 2; 30; 24294
1; 2; 31; 31961
1; 2; 32; 21300
1; 2; 33; 697
1; 2; 34; 3333
1; 2; 35; 16759
1; 2; 36; 839
1; 2; 37; 1069
1; 2; 38; 1085
1; 2; 39; 7430
1; 2; 40; 1324
1; 2; 41; 15631
1; 2; 42; 5762
1; 2; 43; 949
1; 2; 44; 1008
1; 2; 45; 658
1; 2; 46; 2340
1; 2; 47; 24257
1; 2; 48; 5576
1; 2; 49; 33953
1; 2; 50; 25743
1; 2; 51; 597
1; 2; 52; 962
1; 2; 53; 6813
1; 2; 54; 24590
1; 2; 55; 24164
1; 2; 56; 1139
1; 2; 57; 25505
1; 2; 58; 18716
1; 2; 59; 843
1; 2; 60; 810
1; 2; 61; 809
1; 2; 62; 552
1; 2; 63; 2212
1; 2; 64; 622
1; 2; 65; 6248
1; 2; 66; 32735
1; 2; 67; 31188
1; 2; 68; 1017
1; 2; 69; 572
1; 2; 70; 8201
1; 2; 71; 7316
1; 2; 72; 5264
1; 2; 73; 1517
1; 2; 74; 33947
1; 2; 75; 1934
1; 2; 76; 7237
1; 2; 77; 7714
1; 2; 78; 7072
1; 2; 79; 2862
1; 2; 80; 8202
1; 2; 81; 33849
1; 2; 82; 2680
1; 2; 83; 32809
1; 2; 84; 3292
1; 2; 85; 4935
1; 2; 86; 20231
1; 2; 87; 7308
1; 2; 88; 16697
1; 2; 89; 5082
1; 2; 90; 5011
1; 2; 91; 4903
1; 2; 92; 7480
1; 2; 93; 5804
1; 2; 94; 5175
1; 2; 95; 8244
1; 2; 96; 5010
1; 2; 97; 2353
1; 2; 98; 4763
1; 2; 99; 15940
1; 2; 100; 2698
1; 2; 101; 1760
1; 2; 102; 17095
1; 2; 103; 6498
1; 2; 104; 1726
1; 2; 105; 23596
1; 2; 106; 21343
1; 2; 107; 1188
1; 2; 108; 4631
1; 2; 109; 0
1; 2; 110; 26054
1; 2; 111; 1663
1; 2; 112; 4988
1; 2; 113; 19087
1; 2; 114; 5111
1; 2; 115; 22296
1; 2; 116; 8368
1; 2; 117; 7309
1; 2; 118; 603
1; 2; 119; 4851
1; 2; 120; 4774
1; 2; 121; 4878
1; 2; 122; 34288
1; 2; 123; 28495
1; 2; 124; 34672
1; 2; 125; 0
2; 2; 1; 5204
2; 2; 2; 5787
2; 2; 3; 5114
2; 2; 4; 7365
2; 2; 5; 2188
2; 2; 6; 449
2; 2; 7; 573
2; 2; 8; 1000
2; 2; 9; 34199
2; 2; 10; 25586
2; 2; 11; 846
2; 2; 12; 945
2; 2; 13; 24163
2; 2; 14; 28987
2; 2; 15; 24119
2; 2; 16; 1005
2; 2; 17; 28043
2; 2; 18; 32949
2; 2; 19; 33003
2; 2; 20; 34197
2; 2; 21; 30186
2; 2; 22; 4721
2; 2; 23; 940
2; 2; 24; 952
2; 2; 25; 644
2; 2; 26; 29911
2; 2; 27; 941
2; 2; 28; 30199
2; 2; 29; 17439
2; 2; 30; 28367
2; 2; 31; 21589
2; 2; 32; 6378
2; 2; 33; 23086
2; 2; 34; 25704
2; 2; 35; 31750
2; 2; 36; 17714
2; 2; 37; 1280
2; 2; 38; 5036
2; 2; 39; 24705
2; 2; 40; 1247
2; 2; 41; 1590
2; 2; 42; 6654
2; 2; 43; 4358
2; 2; 44; 22483
2; 2; 45; 34424
2; 2; 46; 811
2; 2; 47; 32109
2; 2; 48; 1669
2; 2; 49; 34612
2; 2; 50; 6828
2; 2; 51; 8363
2; 2; 52; 972
2; 2; 53; 0
1; 3; 1; 26515
1; 3; 2; 28516
1; 3; 3; 5037
1; 3; 4; 5139
1; 3; 5; 23810
1; 3; 6; 996
1; 3; 7; 881
1; 3; 8; 1065
1; 3; 9; 1015
1; 3; 10; 1064
1; 3; 11; 7747
1; 3; 12; 34814
1; 3; 13; 22751
1; 3; 14; 747
1; 3; 15; 1378
1; 3; 16; 880
1; 3; 17; 7709
1; 3; 18; 508
1; 3; 19; 27692
1; 3; 20; 7720
1; 3; 21; 642
1; 3; 22; 7070
1; 3; 23; 17665
1; 3; 24; 7009
1; 3; 25; 956
1; 3; 26; 29087
1; 3; 27; 7374
1; 3; 28; 23037
1; 3; 29; 5970
1; 3; 30; 812
1; 3; 31; 23990
1; 3; 32; 789
1; 3; 33; 32096
1; 3; 34; 766
1; 3; 35; 22253
1; 3; 36; 28198
1; 3; 37; 29744
1; 3; 38; 4779
1; 3; 39; 836
1; 3; 40; 3045
1; 3; 41; 33985
1; 3; 42; 29885
1; 3; 43; 1066
1; 3; 44; 8333
1; 3; 45; 33070
1; 3; 46; 6181
1; 3; 47; 25543
1; 3; 48; 4318
1; 3; 49; 6321
1; 3; 50; 5794
1; 3; 51; 5773
1; 3; 52; 32261
1; 3; 53; 4359
1; 3; 54; 7184
1; 3; 55; 2511
1; 3; 56; 33071
1; 3; 57; 6428
1; 3; 58; 1068
1; 3; 59; 22147
1; 3; 60; 1254
1; 3; 61; 785
1; 3; 62; 15168
1; 3; 63; 15265
1; 3; 64; 1312
1; 3; 65; 32538
1; 3; 66; 27189
1; 3; 67; 907
1; 3; 68; 908
1; 3; 69; 1774
1; 3; 70; 27327
1; 3; 71; 31658
1; 3; 72; 6289
1; 3; 73; 3349
1; 3; 74; 4974
1; 3; 75; 4749
1; 3; 76; 4804
1; 3; 77; 1764
1; 3; 78; 1734
1; 3; 79; 15142
1; 3; 80; 1181
1; 3; 81; 31663
1; 3; 82; 4746
1; 3; 83; 19836
1; 3; 84; 4823
1; 3; 85; 33666
1; 3; 86; 5542
1; 3; 87; 15272
1; 3; 88; 5407
1; 3; 89; 4350
1; 3; 90; 5092
1; 3; 91; 5339
1; 3; 92; 34739
1; 3; 93; 8141
1; 3; 94; 5146
1; 3; 95; 25100
1; 3; 96; 25969
1; 3; 97; 4824
1; 3; 98; 5226
1; 3; 99; 361
1; 3; 100; 15760
1; 3; 101; 15825
1; 3; 102; 5351
1; 3; 103; 5109
1; 3; 104; 29035
1; 3; 105; 0
2; 3; 1; 1854
2; 3; 2; 24162
2; 3; 3; 4884
2; 3; 4; 4766
2; 3; 5; 30238
2; 3; 6; 5142
2; 3; 7; 6144
2; 3; 8; 1895
2; 3; 9; 22342
2; 3; 10; 6887
2; 3; 11; 32102
2; 3; 12; 4904
2; 3; 13; 1772
2; 3; 14; 1805
2; 3; 15; 30969
2; 3; 16; 3003
2; 3; 17; 4978
2; 3; 18; 5005
2; 3; 19; 895
2; 3; 20; 2316
2; 3; 21; 4958
2; 3; 22; 34669
2; 3; 23; 24389
2; 3; 24; 7083
2; 3; 25; 868
2; 3; 26; 2483
2; 3; 27; 26070
2; 3; 28; 7505
2; 3; 29; 733
2; 3; 30; 7979
2; 3; 31; 33827
2; 3; 32; 1278
2; 3; 33; 6360
2; 3; 34; 1211
2; 3; 35; 933
2; 3; 36; 24322
2; 3; 37; 1603
2; 3; 38; 34504
2; 3; 39; 34366
2; 3; 40; 4618
2; 3; 41; 26862
2; 3; 42; 23852
2; 3; 43; 204
2; 3; 44; 29246
2; 3; 45; 24449
2; 3; 46; 26265
2; 3; 47; 20844
2; 3; 48; 6270
2; 3; 49; 3209
2; 3; 50; 26558
2; 3; 51; 32711
2; 3; 52; 143
2; 3; 53; 23160
2; 3; 54; 16661
2; 3; 55; 33951
2; 3; 56; 32370
2; 3; 57; 30075
2; 3; 58; 3197
2; 3; 59; 395
2; 3; 60; 24042
2; 3; 61; 29892
2; 3; 62; 8983
2; 3; 63; 34611
2; 3; 64; 16062
2; 3; 65; 17733
2; 3; 66; 23590
2; 3; 67; 24330
2; 3; 68; 30863
2; 3; 69; 31833
2; 3; 70; 1267
2; 3; 71; 1334
2; 3; 72; 3134
2; 3; 73; 30383
2; 3; 74; 21297
2; 3; 75; 891
2; 3; 76; 203
2; 3; 77; 29204
2; 3; 78; 26401
2; 3; 79; 2939
2; 3; 80; 851
2; 3; 81; 26190
2; 3; 82; 3348
2; 3; 83; 4201
2; 3; 84; 8131
2; 3; 85; 4487
2; 3; 86; 1731
2; 3; 87; 1013
2; 3; 88; 4088
2; 3; 89; 33904
2; 3; 90; 27465
2; 3; 91; 26414
2; 3; 92; 18835
2; 3; 93; 7610
2; 3; 94; 661
2; 3; 95; 31461
2; 3; 96; 29921
2; 3; 97; 7541
2; 3; 98; 5861
2; 3; 99; 4816
2; 3; 100; 33211
2; 3; 101; 31898
2; 3; 102; 5224
2; 3; 103; 34910
2; 3; 104; 5105
2; 3; 105; 4772
2; 3; 106; 5048
2; 3; 107; 1585
2; 3; 108; 28082
2; 3; 109; 4825
2; 3; 110; 15074
2; 3; 111; 24043
2; 3; 112; 31661
2; 3; 113; 0
1; 4; 1; 4842
1; 4; 2; 4734
1; 4; 3; 2699
1; 4; 4; 20215
1; 4; 5; 4782
1; 4; 6; 16575
1; 4; 7; 6771
1; 4; 8; 317
1; 4; 9; 33203
1; 4; 10; 32560
1; 4; 11; 7814
1; 4; 12; 730
1; 4; 13; 19473
1; 4; 14; 7372
1; 4; 15; 7373
1; 4; 16; 26248
1; 4; 17; 7371
1; 4; 18; 16960
1; 4; 19; 909
1; 4; 20; 969
1; 4; 21; 21179
1; 4; 22; 6129
1; 4; 23; 887
1; 4; 24; 7357
1; 4; 25; 28825
1; 4; 26; 30026
1; 4; 27; 22184
1; 4; 28; 27965
1; 4; 29; 1374
1; 4; 30; 4815
1; 4; 31; 5080
1; 4; 32; 5004
1; 4; 33; 6809
1; 4; 34; 4875
1; 4; 35; 5018
1; 4; 36; 6217
1; 4; 37; 4780
1; 4; 38; 7740
1; 4; 39; 25678
1; 4; 40; 1824
1; 4; 41; 5166
1; 4; 42; 17907
1; 4; 43; 5039
1; 4; 44; 32559
1; 4; 45; 4838
1; 4; 46; 32601
1; 4; 47; 6888
1; 4; 48; 4911
1; 4; 49; 4797
1; 4; 50; 338
1; 4; 51; 898
1; 4; 52; 6136
1; 4; 53; 5178
1; 4; 54; 1739
1; 4; 55; 5127
1; 4; 56; 34841
1; 4; 57; 1875
1; 4; 58; 4895
1; 4; 59; 28819
1; 4; 60; 1407
1; 4; 61; 22171
1; 4; 62; 6224
1; 4; 63; 19987
1; 4; 64; 5788
1; 4; 65; 4987
1; 4; 66; 4910
1; 4; 67; 406
1; 4; 68; 114
1; 4; 69; 28315
1; 4; 70; 5856
1; 4; 71; 32778
1; 4; 72; 576
1; 4; 73; 30710
1; 4; 74; 29895
1; 4; 75; 5189
1; 4; 76; 4879
1; 4; 77; 5140
1; 4; 78; 4608
1; 4; 79; 5571
1; 4; 80; 5239
1; 4; 81; 5832
1; 4; 82; 4740
1; 4; 83; 29250
1; 4; 84; 5061
1; 4; 85; 4991
1; 4; 86; 5052
1; 4; 87; 5050
1; 4; 88; 5049
1; 4; 89; 4750
1; 4; 90; 0
1; 4; 91; 2949
1; 4; 92; 18872
1; 4; 93; 8361
1; 4; 94; 23070
1; 4; 95; 24120
1; 4; 96; 15458
1; 4; 97; 26079
1; 4; 98; 5009
1; 4; 99; 5159
1; 4; 100; 1728
1; 4; 101; 3046
1; 4; 102; 21701
1; 4; 103; 21276
1; 4; 104; 21807
1; 4; 105; 31023
1; 4; 106; 1755
1; 4; 107; 5555
1; 4; 108; 30229
1; 4; 109; 6865
1; 4; 110; 17262
1; 4; 111; 1888
1; 4; 112; 30875
1; 4; 113; 7300
1; 4; 114; 34219
1; 4; 115; 4985
1; 4; 116; 7941
1; 4; 117; 795
1; 4; 118; 1903
1; 4; 119; 4829
1; 4; 120; 5063
1; 4; 121; 22704
1; 4; 122; 7492
1; 4; 123; 26836
1; 4; 124; 32774
1; 4; 125; 892
1; 4; 126; 4945
1; 4; 127; 4844
1; 4; 128; 8410
1; 4; 129; 4796
1; 4; 130; 6925
1; 4; 131; 5550
1; 4; 132; 1751
1; 4; 133; 4751
1; 4; 134; 4775
1; 4; 135; 0
2; 4; 1; 1594
2; 4; 2; 2839
2; 4; 3; 4858
2; 4; 4; 33104
2; 4; 5; 4234
2; 4; 6; 7753
2; 4; 7; 31151
2; 4; 8; 24882
2; 4; 9; 835
2; 4; 10; 25341
2; 4; 11; 7137
2; 4; 12; 33781
2; 4; 13; 768
2; 4; 14; 620
2; 4; 15; 25920
2; 4; 16; 7477
2; 4; 17; 574
2; 4; 18; 25584
2; 4; 19; 2652
2; 4; 20; 1063
2; 4; 21; 33840
2; 4; 22; 3295
2; 4; 23; 33954
2; 4; 24; 25082
2; 4; 25; 882
2; 4; 26; 1083
2; 4; 27; 33926
2; 4; 28; 1272
2; 4; 29; 30149
2; 4; 30; 1246
2; 4; 31; 4454
2; 4; 32; 1018
2; 4; 33; 5679
2; 4; 34; 24358
2; 4; 35; 32973
2; 4; 36; 24046
2; 4; 37; 32864
2; 4; 38; 33996
2; 4; 39; 701
2; 4; 40; 2741
2; 4; 41; 32694
2; 4; 42; 8584
2; 4; 43; 960
2; 4; 44; 7424
2; 4; 45; 18967
2; 4; 46; 8418
2; 4; 47; 4800
2; 4; 48; 20512
2; 4; 49; 1625
2; 4; 50; 2832
2; 4; 51; 4977
2; 4; 52; 16580
2; 4; 53; 32889
2; 4; 54; 26241
2; 4; 55; 7617
2; 4; 56; 33686
2; 4; 57; 16908
2; 4; 58; 1212
2; 4; 59; 30730
2; 4; 60; 25213
2; 4; 61; 6587
2; 4; 62; 32568
2; 4; 63; 4981
2; 4; 64; 4957
2; 4; 65; 5983
2; 4; 66; 34762
2; 4; 67; 4845
2; 4; 68; 2627
2; 4; 69; 33236
2; 4; 70; 32702
2; 4; 71; 7953
2; 4; 72; 4969
2; 4; 73; 5055
2; 4; 74; 5116
2; 4; 75; 2707
2; 4; 76; 4896
2; 4; 77; 1727
2; 4; 78; 26064
2; 4; 79; 4783
2; 4; 80; 8414
2; 4; 81; 31913
2; 4; 82; 1876
2; 4; 83; 7774
2; 4; 84; 4767
2; 4; 85; 29266
2; 4; 86; 5097
2; 4; 87; 5929
2; 4; 88; 5128
2; 4; 89; 20621
2; 4; 90; 33425
2; 4; 91; 5221
2; 4; 92; 18
2; 4; 93; 1732
2; 4; 94; 27613
2; 4; 95; 5888
2; 4; 96; 1771
2; 4; 97; 8327
2; 4; 98; 4755
2; 4; 99; 122
2; 4; 100; 33024
2; 4; 101; 25195
2; 4; 102; 20793
2; 4; 103; 2314
2; 4; 104; 325
2; 4; 105; 6010
2; 4; 106; 0
1; 5; 1; 875
1; 5; 2; 5793
1; 5; 3; 5036
1; 5; 4; 1337
1; 5; 5; 121
1; 5; 6; 17957
1; 5; 7; 26317
1; 5; 8; 19441
1; 5; 9; 24229
1; 5; 10; 8435
1; 5; 11; 31750
1; 5; 12; 27561
1; 5; 13; 18963
1; 5; 14; 15958
1; 5; 15; 27958
1; 5; 16; 18720
1; 5; 17; 1228
1; 5; 18; 2714
1; 5; 19; 1506
1; 5; 20; 23391
1; 5; 21; 1174
1; 5; 22; 8234
1; 5; 23; 6478
1; 5; 24; 27124
1; 5; 25; 30814
1; 5; 26; 7618
1; 5; 27; 7437
1; 5; 28; 32127
1; 5; 29; 2259
1; 5; 30; 767
1; 5; 31; 562
1; 5; 32; 537
1; 5; 33; 7314
1; 5; 34; 2740
1; 5; 35; 1067
1; 5; 36; 783
1; 5; 37; 30657
1; 5; 38; 997
1; 5; 39; 30242
1; 5; 40; 6912
1; 5; 41; 20963
1; 5; 42; 18006
1; 5; 43; 28007
1; 5; 44; 24295
1; 5; 45; 33162
1; 5; 46; 8497
1; 5; 47; 29893
1; 5; 48; 18009
1; 5; 49; 24044
1; 5; 50; 2728
1; 5; 51; 3357
1; 5; 52; 29626
1; 5; 53; 934
1; 5; 54; 850
1; 5; 55; 808
1; 5; 56; 844
1; 5; 57; 1223
1; 5; 58; 7097
1; 5; 59; 15945
1; 5; 60; 1247
1; 5; 61; 2593
1; 5; 62; 6863
1; 5; 63; 29975
1; 5; 64; 8971
1; 5; 65; 21094
1; 5; 66; 23955
1; 5; 67; 20412
1; 5; 68; 8233
1; 5; 69; 34486
1; 5; 70; 20328
1; 5; 71; 31323
1; 5; 72; 27100
1; 5; 73; 32109
1; 5; 74; 1602
1; 5; 75; 24118
1; 5; 76; 19000
1; 5; 77; 34909
1; 5; 78; 919
1; 5; 79; 32813
1; 5; 80; 6168
1; 5; 81; 2334
1; 5; 82; 28125
1; 5; 83; 5152
1; 5; 84; 4949
1; 5; 85; 31267
1; 5; 86; 4831
1; 5; 87; 6286
1; 5; 88; 4992
1; 5; 89; 5219
1; 5; 90; 31679
1; 5; 91; 30370
1; 5; 92; 5202
1; 5; 93; 1826
1; 5; 94; 16607
1; 5; 95; 6272
1; 5; 96; 5038
1; 5; 97; 21967
1; 5; 98; 2100
1; 5; 99; 28784
1; 5; 100; 16919
1; 5; 101; 17969
1; 5; 102; 0
1; 5; 103; 31663
1; 5; 104; 2621
1; 5; 105; 1745
1; 5; 106; 5012
1; 5; 107; 4994
1; 5; 108; 15487
1; 5; 109; 5636
1; 5; 110; 1601
1; 5; 111; 1959
1; 5; 112; 6147
1; 5; 113; 7308
1; 5; 114; 0
2; 5; 1; 2836
2; 5; 2; 33346
2; 5; 3; 5209
2; 5; 4; 4986
2; 5; 5; 5215
2; 5; 6; 23728
2; 5; 7; 31047
2; 5; 8; 696
2; 5; 9; 944
2; 5; 10; 8369
2; 5; 11; 34825
2; 5; 12; 31905
2; 5; 13; 4881
2; 5; 14; 32950
2; 5; 15; 23862
2; 5; 16; 21839
2; 5; 17; 8409
2; 5; 18; 26763
2; 5; 19; 5185
2; 5; 20; 1720
2; 5; 21; 4354
2; 5; 22; 2188
2; 5; 23; 24528
2; 5; 24; 30872
2; 5; 25; 33666
2; 5; 26; 5729
2; 5; 27; 29509
2; 5; 28; 29730
2; 5; 29; 5017
2; 5; 30; 4763
2; 5; 31; 5006
2; 5; 32; 2757
2; 5; 33; 7104
2; 5; 34; 5126
2; 5; 35; 820
2; 5; 36; 31658
2; 5; 37; 5131
2; 5; 38; 5107
2; 5; 39; 5170
2; 5; 40; 31661
2; 5; 41; 5053
2; 5; 42; 24021
2; 5; 43; 25188
2; 5; 44; 0
