1; 1; 1; 1212
1; 1; 2; 30026
1; 1; 3; 2091
1; 1; 4; 1764
1; 1; 5; 2707
1; 1; 6; 1745
1; 1; 7; 2698
1; 1; 8; 1760
1; 1; 9; 6249
1; 1; 10; 21701
1; 1; 11; 32778
1; 1; 12; 30152
1; 1; 13; 122
1; 1; 14; 4838
1; 1; 15; 31679
1; 1; 16; 34219
1; 1; 17; 32285
1; 1; 18; 8327
1; 1; 19; 6272
1; 1; 20; 16607
1; 1; 21; 8414
1; 1; 22; 26064
1; 1; 23; 8141
1; 1; 24; 24120
1; 1; 25; 31898
1; 1; 26; 7953
1; 1; 27; 32702
1; 1; 28; 4978
1; 1; 29; 22171
1; 1; 30; 4763
1; 1; 31; 1407
1; 1; 32; 5056
1; 1; 33; 6809
1; 1; 34; 5092
1; 1; 35; 895
1; 1; 36; 15458
1; 1; 37; 1728
1; 1; 38; 18
1; 1; 39; 17969
1; 1; 40; 5189
1; 1; 41; 4988
1; 1; 42; 28125
1; 1; 43; 8412
1; 1; 44; 5571
1; 1; 45; 7104
1; 1; 46; 6395
1; 1; 47; 5190
1; 1; 48; 32538
1; 1; 49; 19473
1; 1; 50; 1213
1; 1; 51; 33840
1; 1; 52; 1000
1; 1; 53; 574
1; 1; 54; 8234
1; 1; 55; 1583
1; 1; 56; 33206
1; 1; 57; 32876
1; 1; 58; 572
1; 1; 59; 768
1; 1; 60; 25248
1; 1; 61; 2212
1; 1; 62; 5303
1; 1; 63; 7237
1; 1; 64; 31188
1; 1; 65; 1155
1; 1; 66; 24180
1; 1; 67; 2191
1; 1; 68; 31267
1; 1; 69; 4746
1; 1; 70; 4986
1; 1; 71; 2836
1; 1; 72; 0
1; 1; 73; 27700
1; 1; 74; 34814
1; 1; 75; 22751
1; 1; 76; 31183
1; 1; 77; 8131
1; 1; 78; 30165
1; 1; 79; 1272
1; 1; 80; 31156
1; 1; 81; 20255
1; 1; 82; 1506
1; 1; 83; 1246
1; 1; 84; 1336
1; 1; 85; 31801
1; 1; 86; 2593
1; 1; 87; 1230
1; 1; 88; 28702
1; 1; 89; 5344
1; 1; 90; 885
1; 1; 91; 1179
1; 1; 92; 753
1; 1; 93; 18283
1; 1; 94; 23456
1; 1; 95; 16661
1; 1; 96; 23160
1; 1; 97; 18720
1; 1; 98; 27958
1; 1; 99; 6895
1; 1; 100; 1605
1; 1; 101; 23086
1; 1; 102; 395
1; 1; 103; 25704
1; 1; 104; 1337
1; 1; 105; 28517
1; 1; 106; 8331
1; 1; 107; 1267
1; 1; 108; 1255
1; 1; 109; 29885
1; 1; 110; 733
1; 1; 111; 33926
1; 1; 112; 1278
1; 1; 113; 835
1; 1; 114; 8272
1; 1; 115; 7694
1; 1; 116; 33996
1; 1; 117; 956
1; 1; 118; 7374
1; 1; 119; 7646
1; 1; 120; 23890
1; 1; 121; 7505
1; 1; 122; 817
1; 1; 123; 16093
1; 1; 124; 31323
1; 1; 125; 27100
1; 1; 126; 1188
1; 1; 127; 19000
1; 1; 128; 4878
1; 1; 129; 31658
1; 1; 130; 31663
1; 1; 131; 4851
1; 1; 132; 33666
1; 1; 133; 0
2; 1; 1; 25188
2; 1; 2; 363
2; 1; 3; 34288
2; 1; 4; 1065
2; 1; 5; 881
2; 1; 6; 4234
2; 1; 7; 811
2; 1; 8; 30157
2; 1; 9; 34544
2; 1; 10; 1669
2; 1; 11; 960
2; 1; 12; 508
2; 1; 13; 29087
2; 1; 14; 31441
2; 1; 15; 30382
2; 1; 16; 844
2; 1; 17; 27137
2; 1; 18; 29626
2; 1; 19; 804
2; 1; 20; 4358
2; 1; 21; 1256
2; 1; 22; 1332
2; 1; 23; 1211
2; 1; 24; 32096
2; 1; 25; 31588
2; 1; 26; 33070
2; 1; 27; 14927
2; 1; 28; 23590
2; 1; 29; 27158
2; 1; 30; 1041
2; 1; 31; 688
2; 1; 32; 21300
2; 1; 33; 1924
2; 1; 34; 205
2; 1; 35; 1269
2; 1; 36; 6654
2; 1; 37; 4618
2; 1; 38; 34366
2; 1; 39; 2939
2; 1; 40; 33985
2; 1; 41; 34050
2; 1; 42; 25465
2; 1; 43; 783
2; 1; 44; 23155
2; 1; 45; 538
2; 1; 46; 2862
2; 1; 47; 1720
2; 1; 48; 573
2; 1; 49; 34593
2; 1; 50; 449
2; 1; 51; 33947
2; 1; 52; 562
2; 1; 53; 23110
2; 1; 54; 25262
2; 1; 55; 1517
2; 1; 56; 31608
2; 1; 57; 34374
2; 1; 58; 20963
2; 1; 59; 31900
2; 1; 60; 16960
2; 1; 61; 7357
2; 1; 62; 4767
2; 1; 63; 4775
2; 1; 64; 28315
2; 1; 65; 33849
2; 1; 66; 31661
2; 1; 67; 6289
2; 1; 68; 25969
2; 1; 69; 7308
2; 1; 70; 15760
2; 1; 71; 28819
2; 1; 72; 5127
2; 1; 73; 7541
2; 1; 74; 1826
2; 1; 75; 1876
2; 1; 76; 5564
2; 1; 77; 3046
2; 1; 78; 576
2; 1; 79; 30229
2; 1; 80; 1895
2; 1; 81; 2306
2; 1; 82; 4804
2; 1; 83; 4934
2; 1; 84; 5201
2; 1; 85; 4823
2; 1; 86; 7774
2; 1; 87; 0
1; 2; 1; 31020
1; 2; 2; 5804
1; 2; 3; 33211
1; 2; 4; 15426
1; 2; 5; 3292
1; 2; 6; 4845
1; 2; 7; 4800
1; 2; 8; 4814
1; 2; 9; 32813
1; 2; 10; 26515
1; 2; 11; 4782
1; 2; 12; 21343
1; 2; 13; 6587
1; 2; 14; 19836
1; 2; 15; 6168
1; 2; 16; 603
1; 2; 17; 32823
1; 2; 18; 4852
1; 2; 19; 28082
1; 2; 20; 0
1; 2; 21; 5128
1; 2; 22; 5351
1; 2; 23; 15825
1; 2; 24; 5550
1; 2; 25; 1751
1; 2; 26; 4755
1; 2; 27; 898
1; 2; 28; 5116
1; 2; 29; 5221
1; 2; 30; 33425
1; 2; 31; 17201
1; 2; 32; 32889
1; 2; 33; 5131
1; 2; 34; 3219
1; 2; 35; 2699
1; 2; 36; 34762
1; 2; 37; 5929
1; 2; 38; 5224
1; 2; 39; 34910
1; 2; 40; 5015
1; 2; 41; 5339
1; 2; 42; 15940
1; 2; 43; 5178
1; 2; 44; 4895
1; 2; 45; 338
1; 2; 46; 5144
1; 2; 47; 820
1; 2; 48; 24078
1; 2; 49; 4798
1; 2; 50; 6224
1; 2; 51; 4884
1; 2; 52; 34739
1; 2; 53; 3003
1; 2; 54; 25678
1; 2; 55; 1755
1; 2; 56; 6888
1; 2; 57; 1594
1; 2; 58; 4842
1; 2; 59; 5053
1; 2; 60; 1774
1; 2; 61; 7370
1; 2; 62; 26248
1; 2; 63; 730
1; 2; 64; 8233
1; 2; 65; 7009
1; 2; 66; 22483
1; 2; 67; 1378
1; 2; 68; 31152
1; 2; 69; 23990
1; 2; 70; 1013
1; 2; 71; 701
1; 2; 72; 5970
1; 2; 73; 23037
1; 2; 74; 26190
1; 2; 75; 1273
1; 2; 76; 2714
1; 2; 77; 15168
1; 2; 78; 24461
1; 2; 79; 5679
1; 2; 80; 26265
1; 2; 81; 882
1; 2; 82; 22147
1; 2; 83; 4357
1; 2; 84; 6322
1; 2; 85; 8983
1; 2; 86; 29892
1; 2; 87; 4576
1; 2; 88; 15031
1; 2; 89; 5927
1; 2; 90; 26558
1; 2; 91; 5296
1; 2; 92; 24229
1; 2; 93; 24042
1; 2; 94; 8435
1; 2; 95; 30075
1; 2; 96; 16062
1; 2; 97; 24822
1; 2; 98; 26317
1; 2; 99; 30440
1; 2; 100; 6321
1; 2; 101; 4318
1; 2; 102; 33951
1; 2; 103; 6270
1; 2; 104; 20844
1; 2; 105; 6181
1; 2; 106; 32711
1; 2; 107; 20453
1; 2; 108; 6912
1; 2; 109; 30383
1; 2; 110; 1066
1; 2; 111; 933
1; 2; 112; 2728
1; 2; 113; 6360
1; 2; 114; 33162
1; 2; 115; 31961
1; 2; 116; 8497
1; 2; 117; 571
1; 2; 118; 19375
1; 2; 119; 31469
1; 2; 120; 8607
1; 2; 121; 537
1; 2; 122; 6248
1; 2; 123; 6955
1; 2; 124; 2652
1; 2; 125; 1174
1; 2; 126; 1602
1; 2; 127; 0
2; 2; 1; 7772
2; 2; 2; 33236
2; 2; 3; 23728
2; 2; 4; 7437
2; 2; 5; 30411
2; 2; 6; 15631
2; 2; 7; 32735
2; 2; 8; 7315
2; 2; 9; 2188
2; 2; 10; 5682
2; 2; 11; 584
2; 2; 12; 25584
2; 2; 13; 5793
2; 2; 14; 836
2; 2; 15; 5036
2; 2; 16; 18006
2; 2; 17; 24044
2; 2; 18; 32973
2; 2; 19; 891
2; 2; 20; 853
2; 2; 21; 4337
2; 2; 22; 162
2; 2; 23; 32895
2; 2; 24; 7720
2; 2; 25; 8188
2; 2; 26; 935
2; 2; 27; 23955
2; 2; 28; 28516
2; 2; 29; 23810
2; 2; 30; 4631
2; 2; 31; 33532
2; 2; 32; 20231
2; 2; 33; 5636
2; 2; 34; 1663
2; 2; 35; 5159
2; 2; 36; 7740
2; 2; 37; 4797
2; 2; 38; 32606
2; 2; 39; 30370
2; 2; 40; 26079
2; 2; 41; 26241
2; 2; 42; 7492
2; 2; 43; 20215
2; 2; 44; 6498
2; 2; 45; 0
1; 3; 1; 5209
1; 3; 2; 31663
1; 3; 3; 4815
1; 3; 4; 32560
1; 3; 5; 887
1; 3; 6; 7365
1; 3; 7; 33666
1; 3; 8; 29921
1; 3; 9; 19987
1; 3; 10; 25100
1; 3; 11; 5010
1; 3; 12; 1758
1; 3; 13; 4740
1; 3; 14; 6217
1; 3; 15; 4970
1; 3; 16; 31913
1; 3; 17; 6147
1; 3; 18; 4991
1; 3; 19; 6359
1; 3; 20; 5175
1; 3; 21; 2621
1; 3; 22; 32601
1; 3; 23; 2300
1; 3; 24; 7300
1; 3; 25; 20621
1; 3; 26; 30968
1; 3; 27; 21807
1; 3; 28; 30710
1; 3; 29; 29266
1; 3; 30; 3349
1; 3; 31; 4974
1; 3; 32; 5063
1; 3; 33; 29647
1; 3; 34; 26243
1; 3; 35; 18835
1; 3; 36; 7610
1; 3; 37; 7424
1; 3; 38; 1043
1; 3; 39; 1731
1; 3; 40; 23880
1; 3; 41; 7083
1; 3; 42; 32694
1; 3; 43; 20328
1; 3; 44; 812
1; 3; 45; 34612
1; 3; 46; 15911
1; 3; 47; 18837
1; 3; 48; 15265
1; 3; 49; 24295
1; 3; 50; 1241
1; 3; 51; 16673
1; 3; 52; 24705
1; 3; 53; 26706
1; 3; 54; 1312
1; 3; 55; 785
1; 3; 56; 1334
1; 3; 57; 31904
1; 3; 58; 18009
1; 3; 59; 851
1; 3; 60; 16326
1; 3; 61; 1957
1; 3; 62; 2094
1; 3; 63; 24322
1; 3; 64; 29204
1; 3; 65; 32952
1; 3; 66; 25743
1; 3; 67; 1005
1; 3; 68; 952
1; 3; 69; 944
1; 3; 70; 5908
1; 3; 71; 28987
1; 3; 72; 597
1; 3; 73; 8369
1; 3; 74; 31189
1; 3; 75; 28043
1; 3; 76; 942
1; 3; 77; 31905
1; 3; 78; 6813
1; 3; 79; 949
1; 3; 80; 21839
1; 3; 81; 17439
1; 3; 82; 30758
1; 3; 83; 6094
1; 3; 84; 24164
1; 3; 85; 948
1; 3; 86; 31485
1; 3; 87; 32127
1; 3; 88; 1934
1; 3; 89; 7011
1; 3; 90; 7730
1; 3; 91; 1017
1; 3; 92; 550
1; 3; 93; 30815
1; 3; 94; 526
1; 3; 95; 6428
1; 3; 96; 4359
1; 3; 97; 17714
1; 3; 98; 17733
1; 3; 99; 24046
1; 3; 100; 3134
1; 3; 101; 1223
1; 3; 102; 7097
1; 3; 103; 23922
1; 3; 104; 31151
1; 3; 105; 8363
1; 3; 106; 7753
1; 3; 107; 2100
1; 3; 108; 7941
1; 3; 109; 16580
1; 3; 110; 6316
1; 3; 111; 5111
1; 3; 112; 0
2; 3; 1; 28825
2; 3; 2; 5093
2; 3; 3; 22342
2; 3; 4; 6865
2; 3; 5; 3205
2; 3; 6; 6503
2; 3; 7; 2949
2; 3; 8; 31658
2; 3; 9; 8361
2; 3; 10; 31661
2; 3; 11; 5205
2; 3; 12; 3140
2; 3; 13; 8418
2; 3; 14; 16132
2; 3; 15; 30812
2; 3; 16; 1064
2; 3; 17; 839
2; 3; 18; 34669
2; 3; 19; 30824
2; 3; 20; 7980
2; 3; 21; 996
2; 3; 22; 661
2; 3; 23; 6828
2; 3; 24; 2456
2; 3; 25; 930
2; 3; 26; 1335
2; 3; 27; 15945
2; 3; 28; 1084
2; 3; 29; 23621
2; 3; 30; 5553
2; 3; 31; 204
2; 3; 32; 24358
2; 3; 33; 1254
2; 3; 34; 1280
2; 3; 35; 25082
2; 3; 36; 3295
2; 3; 37; 7430
2; 3; 38; 33781
2; 3; 39; 1063
2; 3; 40; 1007
2; 3; 41; 7072
2; 3; 42; 7618
2; 3; 43; 8201
2; 3; 44; 4354
2; 3; 45; 622
2; 3; 46; 2740
2; 3; 47; 8202
2; 3; 48; 24528
2; 3; 49; 32946
2; 3; 50; 5762
2; 3; 51; 29973
2; 3; 52; 9016
2; 3; 53; 31047
2; 3; 54; 950
2; 3; 55; 25505
2; 3; 56; 34331
2; 3; 57; 24590
2; 3; 58; 3115
2; 3; 59; 945
2; 3; 60; 1640
2; 3; 61; 843
2; 3; 62; 3238
2; 3; 63; 809
2; 3; 64; 962
2; 3; 65; 32949
2; 3; 66; 946
2; 3; 67; 33839
2; 3; 68; 18715
2; 3; 69; 29911
2; 3; 70; 33003
2; 3; 71; 30218
2; 3; 72; 940
2; 3; 73; 32746
2; 3; 74; 4953
2; 3; 75; 19950
2; 3; 76; 981
2; 3; 77; 5576
2; 3; 78; 24257
2; 3; 79; 2524
2; 3; 80; 4340
2; 3; 81; 23982
2; 3; 82; 7184
2; 3; 83; 32261
2; 3; 84; 19441
2; 3; 85; 24330
2; 3; 86; 3197
2; 3; 87; 33071
2; 3; 88; 34611
2; 3; 89; 31517
2; 3; 90; 31136
2; 3; 91; 26401
2; 3; 92; 30149
2; 3; 93; 20533
2; 3; 94; 883
2; 3; 95; 20412
2; 3; 96; 7070
2; 3; 97; 17665
2; 3; 98; 33904
2; 3; 99; 32168
2; 3; 100; 7979
2; 3; 101; 17379
2; 3; 102; 5473
2; 3; 103; 24389
2; 3; 104; 18967
2; 3; 105; 1303
2; 3; 106; 972
2; 3; 107; 5787
2; 3; 108; 4969
2; 3; 109; 7211
2; 3; 110; 4992
2; 3; 111; 28899
2; 3; 112; 3223
2; 3; 113; 0
1; 4; 1; 8211
1; 4; 2; 3018
1; 4; 3; 5126
1; 4; 4; 23070
1; 4; 5; 29895
1; 4; 6; 2314
1; 4; 7; 31023
1; 4; 8; 21276
1; 4; 9; 1824
1; 4; 10; 18
1; 4; 11; 34679
1; 4; 12; 5888
1; 4; 13; 7953
1; 4; 14; 4763
1; 4; 15; 5006
1; 4; 16; 5050
1; 4; 17; 4783
1; 4; 18; 24125
1; 4; 19; 5146
1; 4; 20; 5052
1; 4; 21; 17262
1; 4; 22; 1995
1; 4; 23; 30875
1; 4; 24; 2757
1; 4; 25; 4896
1; 4; 26; 1727
1; 4; 27; 6925
1; 4; 28; 5219
1; 4; 29; 2353
1; 4; 30; 5012
1; 4; 31; 2334
1; 4; 32; 5176
1; 4; 33; 4957
1; 4; 34; 4772
1; 4; 35; 5983
1; 4; 36; 29035
1; 4; 37; 4857
1; 4; 38; 27327
1; 4; 39; 0
1; 4; 40; 25745
1; 4; 41; 1040
1; 4; 42; 30164
1; 4; 43; 15180
1; 4; 44; 642
1; 4; 45; 747
1; 4; 46; 34306
1; 4; 47; 4088
1; 4; 48; 7709
1; 4; 49; 34424
1; 4; 50; 8033
1; 4; 51; 3348
1; 4; 52; 1069
1; 4; 53; 18887
1; 4; 54; 2483
1; 4; 55; 22253
1; 4; 56; 23106
1; 4; 57; 1246
1; 4; 58; 1603
1; 4; 59; 34504
1; 4; 60; 751
1; 4; 61; 1590
1; 4; 62; 22771
1; 4; 63; 21297
1; 4; 64; 24449
1; 4; 65; 17541
1; 4; 66; 29893
1; 4; 67; 30365
1; 4; 68; 31156
1; 4; 69; 1083
1; 4; 70; 23852
1; 4; 71; 29246
1; 4; 72; 205
1; 4; 73; 203
1; 4; 74; 778
1; 4; 75; 1068
1; 4; 76; 4333
1; 4; 77; 26373
1; 4; 78; 1189
1; 4; 79; 31833
1; 4; 80; 17957
1; 4; 81; 3209
1; 4; 82; 34343
1; 4; 83; 15958
1; 4; 84; 14927
1; 4; 85; 27561
1; 4; 86; 5794
1; 4; 87; 32985
1; 4; 88; 4881
1; 4; 89; 32950
1; 4; 90; 26763
1; 4; 91; 5185
1; 4; 92; 25920
1; 4; 93; 624
1; 4; 94; 22825
1; 4; 95; 7316
1; 4; 96; 23391
1; 4; 97; 7791
1; 4; 98; 30657
1; 4; 99; 32300
1; 4; 100; 1324
1; 4; 101; 25776
1; 4; 102; 28061
1; 4; 103; 33976
1; 4; 104; 34199
1; 4; 105; 767
1; 4; 106; 875
1; 4; 107; 5080
1; 4; 108; 2682
1; 4; 109; 6340
1; 4; 110; 4749
1; 4; 111; 7309
1; 4; 112; 21967
1; 4; 113; 4774
1; 4; 114; 795
1; 4; 115; 24021
1; 4; 116; 25213
1; 4; 117; 34582
1; 4; 118; 20512
1; 4; 119; 20690
1; 4; 120; 4985
1; 4; 121; 34878
1; 4; 122; 7617
1; 4; 123; 4949
1; 4; 124; 1374
1; 4; 125; 2839
1; 4; 126; 21335
1; 4; 127; 0
2; 4; 1; 361
2; 4; 2; 4608
2; 4; 3; 5109
2; 4; 4; 19377
2; 4; 5; 2306
2; 4; 6; 1805
2; 4; 7; 15142
2; 4; 8; 7480
2; 4; 9; 5039
2; 4; 10; 29730
2; 4; 11; 24120
2; 4; 12; 5009
2; 4; 13; 4350
2; 4; 14; 4879
2; 4; 15; 1181
2; 4; 16; 4751
2; 4; 17; 25860
2; 4; 18; 1888
2; 4; 19; 7308
2; 4; 20; 17907
2; 4; 21; 5861
2; 4; 22; 5011
2; 4; 23; 34841
2; 4; 24; 1875
2; 4; 25; 5142
2; 4; 26; 6144
2; 4; 27; 25195
2; 4; 28; 4904
2; 4; 29; 5202
2; 4; 30; 20010
2; 4; 31; 4958
2; 4; 32; 28289
2; 4; 33; 1959
2; 4; 34; 4780
2; 4; 35; 4748
2; 4; 36; 6887
2; 4; 37; 31461
2; 4; 38; 5362
2; 4; 39; 33024
2; 4; 40; 6286
2; 4; 41; 19087
2; 4; 42; 4955
2; 4; 43; 5107
2; 4; 44; 8413
2; 4; 45; 5048
2; 4; 46; 2184
2; 4; 47; 2627
2; 4; 48; 8365
2; 4; 49; 892
2; 4; 50; 29175
2; 4; 51; 33104
2; 4; 52; 7747
2; 4; 53; 4201
2; 4; 54; 16759
2; 4; 55; 24047
2; 4; 56; 27465
2; 4; 57; 4487
2; 4; 58; 7646
2; 4; 59; 8269
2; 4; 60; 697
2; 4; 61; 26862
2; 4; 62; 2516
2; 4; 63; 5791
2; 4; 64; 1255
2; 4; 65; 1264
2; 4; 66; 24294
2; 4; 67; 31025
2; 4; 68; 30863
2; 4; 69; 32370
2; 4; 70; 29399
2; 4; 71; 121
2; 4; 72; 31051
2; 4; 73; 4721
2; 4; 74; 24119
2; 4; 75; 941
2; 4; 76; 696
2; 4; 77; 30190
2; 4; 78; 23988
2; 4; 79; 30199
2; 4; 80; 33740
2; 4; 81; 24163
2; 4; 82; 21064
2; 4; 83; 1566
2; 4; 84; 1139
2; 4; 85; 8409
2; 4; 86; 1526
2; 4; 87; 846
2; 4; 88; 23862
2; 4; 89; 19770
2; 4; 90; 27124
2; 4; 91; 23795
2; 4; 92; 620
2; 4; 93; 7714
2; 4; 94; 7314
2; 4; 95; 5264
2; 4; 96; 2191
2; 4; 97; 32562
2; 4; 98; 7373
2; 4; 99; 969
2; 4; 100; 7357
2; 4; 101; 908
2; 4; 102; 907
2; 4; 103; 5139
2; 4; 104; 4858
2; 4; 105; 4825
2; 4; 106; 32774
2; 4; 107; 15767
2; 4; 108; 24043
2; 4; 109; 6771
2; 4; 110; 22184
2; 4; 111; 0
1; 5; 1; 34672
1; 5; 2; 23728
1; 5; 3; 33236
1; 5; 4; 28495
1; 5; 5; 4926
1; 5; 6; 5232
1; 5; 7; 18872
1; 5; 8; 4235
1; 5; 9; 4750
1; 5; 10; 5166
1; 5; 11; 4945
1; 5; 12; 34121
1; 5; 13; 16697
1; 5; 14; 6136
1; 5; 15; 4766
1; 5; 16; 2697
1; 5; 17; 6603
1; 5; 18; 4903
1; 5; 19; 5204
1; 5; 20; 7161
1; 5; 21; 4935
1; 5; 22; 5140
1; 5; 23; 5152
1; 5; 24; 19155
1; 5; 25; 29250
1; 5; 26; 15487
1; 5; 27; 2832
1; 5; 28; 30809
1; 5; 29; 5542
1; 5; 30; 0
1; 5; 31; 6010
1; 5; 32; 19697
1; 5; 33; 2539
1; 5; 34; 7740
1; 5; 35; 2316
1; 5; 36; 29509
1; 5; 37; 30528
1; 5; 38; 4956
1; 5; 39; 26054
1; 5; 40; 4801
1; 5; 41; 31663
1; 5; 42; 30872
1; 5; 43; 7371
1; 5; 44; 7372
1; 5; 45; 2188
1; 5; 46; 7040
1; 5; 47; 2259
1; 5; 48; 8290
1; 5; 49; 30814
1; 5; 50; 6478
1; 5; 51; 1067
1; 5; 52; 7477
1; 5; 53; 7472
1; 5; 54; 6274
1; 5; 55; 19168
1; 5; 56; 3141
1; 5; 57; 256
1; 5; 58; 33954
1; 5; 59; 20457
1; 5; 60; 5036
1; 5; 61; 32864
1; 5; 62; 30089
1; 5; 63; 3357
1; 5; 64; 7137
1; 5; 65; 880
1; 5; 66; 34486
1; 5; 67; 25341
1; 5; 68; 1012
1; 5; 69; 1221
1; 5; 70; 24882
1; 5; 71; 24118
1; 5; 72; 114
1; 5; 73; 16908
1; 5; 74; 16919
1; 5; 75; 22704
1; 5; 76; 33686
1; 5; 77; 1726
1; 5; 78; 2688
1; 5; 79; 0
2; 5; 1; 1854
2; 5; 2; 358
2; 5; 3; 16575
2; 5; 4; 15074
2; 5; 5; 4734
2; 5; 6; 1903
2; 5; 7; 1585
2; 5; 8; 2500
2; 5; 9; 29032
2; 5; 10; 5038
2; 5; 11; 4981
2; 5; 12; 5141
2; 5; 13; 4773
2; 5; 14; 5856
2; 5; 15; 8030
2; 5; 16; 5729
2; 5; 17; 5004
2; 5; 18; 26079
2; 5; 19; 5097
2; 5; 20; 8244
2; 5; 21; 5239
2; 5; 22; 5170
2; 5; 23; 4844
2; 5; 24; 4753
2; 5; 25; 325
2; 5; 26; 19546
2; 5; 27; 15272
2; 5; 28; 1625
2; 5; 29; 8368
2; 5; 30; 6587
2; 5; 31; 4910
2; 5; 32; 4987
2; 5; 33; 4977
2; 5; 34; 8410
2; 5; 35; 5055
2; 5; 36; 4875
2; 5; 37; 5018
2; 5; 38; 5017
2; 5; 39; 5555
2; 5; 40; 1734
2; 5; 41; 5049
2; 5; 42; 17095
2; 5; 43; 1772
2; 5; 44; 4994
2; 5; 45; 5407
2; 5; 46; 5005
2; 5; 47; 31279
2; 5; 48; 1732
2; 5; 49; 27613
2; 5; 50; 24162
2; 5; 51; 5832
2; 5; 52; 5058
2; 5; 53; 5061
2; 5; 54; 1601
2; 5; 55; 5105
2; 5; 56; 4824
2; 5; 57; 30969
2; 5; 58; 32559
2; 5; 59; 31548
2; 5; 60; 4796
2; 5; 61; 5788
2; 5; 62; 20793
2; 5; 63; 5082
2; 5; 64; 30238
2; 5; 65; 4816
2; 5; 66; 1739
2; 5; 67; 4752
2; 5; 68; 1771
2; 5; 69; 4911
2; 5; 70; 32102
2; 5; 71; 33346
2; 5; 72; 33666
2; 5; 73; 2680
2; 5; 74; 5114
2; 5; 75; 8319
2; 5; 76; 32568
2; 5; 77; 22296
2; 5; 78; 4831
2; 5; 79; 23596
2; 5; 80; 406
2; 5; 81; 4829
2; 5; 82; 31658
2; 5; 83; 4907
2; 5; 84; 32809
2; 5; 85; 5215
2; 5; 86; 31661
2; 5; 87; 34762
2; 5; 88; 5226
2; 5; 89; 26836
2; 5; 90; 28784
2; 5; 91; 27965
2; 5; 92; 4579
2; 5; 93; 6315
2; 5; 94; 4950
2; 5; 95; 34458
2; 5; 96; 0
