1; 1; 1; 2839
1; 1; 2; 34672
1; 1; 3; 6587
1; 1; 4; 5038
1; 1; 5; 5114
1; 1; 6; 5140
1; 1; 7; 1625
1; 1; 8; 4831
1; 1; 9; 4985
1; 1; 10; 5856
1; 1; 11; 5362
1; 1; 12; 32606
1; 1; 13; 2314
1; 1; 14; 576
1; 1; 15; 17907
1; 1; 16; 4752
1; 1; 17; 30875
1; 1; 18; 5093
1; 1; 19; 1888
1; 1; 20; 1760
1; 1; 21; 26054
1; 1; 22; 1745
1; 1; 23; 31548
1; 1; 24; 19377
1; 1; 25; 5128
1; 1; 26; 33666
1; 1; 27; 4879
1; 1; 28; 5015
1; 1; 29; 2306
1; 1; 30; 4992
1; 1; 31; 34679
1; 1; 32; 32601
1; 1; 33; 25678
1; 1; 34; 28289
1; 1; 35; 19087
1; 1; 36; 2334
1; 1; 37; 4945
1; 1; 38; 5175
1; 1; 39; 1774
1; 1; 40; 7371
1; 1; 41; 7373
1; 1; 42; 26248
1; 1; 43; 1085
1; 1; 44; 5793
1; 1; 45; 933
1; 1; 46; 853
1; 1; 47; 6139
1; 1; 48; 23702
1; 1; 49; 4358
1; 1; 50; 24358
1; 1; 51; 785
1; 1; 52; 1334
1; 1; 53; 31900
1; 1; 54; 8331
1; 1; 55; 31517
1; 1; 56; 2511
1; 1; 57; 26558
1; 1; 58; 4359
1; 1; 59; 395
1; 1; 60; 27561
1; 1; 61; 30440
1; 1; 62; 3209
1; 1; 63; 882
1; 1; 64; 1269
1; 1; 65; 29839
1; 1; 66; 21300
1; 1; 67; 1256
1; 1; 68; 1246
1; 1; 69; 30149
1; 1; 70; 1335
1; 1; 71; 930
1; 1; 72; 7097
1; 1; 73; 32168
1; 1; 74; 20328
1; 1; 75; 7374
1; 1; 76; 7709
1; 1; 77; 33904
1; 1; 78; 7133
1; 1; 79; 34306
1; 1; 80; 17665
1; 1; 81; 8188
1; 1; 82; 1669
1; 1; 83; 16132
1; 1; 84; 1602
1; 1; 85; 24118
1; 1; 86; 972
1; 1; 87; 5139
1; 1; 88; 4858
1; 1; 89; 0
1; 1; 90; 8365
1; 1; 91; 33532
1; 1; 92; 17969
1; 1; 93; 5004
1; 1; 94; 4875
1; 1; 95; 4988
1; 1; 96; 4969
1; 1; 97; 34739
1; 1; 98; 24120
1; 1; 99; 20010
1; 1; 100; 6136
1; 1; 101; 4903
1; 1; 102; 2697
1; 1; 103; 7541
1; 1; 104; 32559
1; 1; 105; 4783
1; 1; 106; 5564
1; 1; 107; 17095
1; 1; 108; 5049
1; 1; 109; 32102
1; 1; 110; 361
1; 1; 111; 4579
1; 1; 112; 15767
1; 1; 113; 16575
1; 1; 114; 5209
1; 1; 115; 23596
1; 1; 116; 4782
1; 1; 117; 30730
1; 1; 118; 2091
1; 1; 119; 2682
1; 1; 120; 31661
1; 1; 121; 4800
1; 1; 122; 31663
1; 1; 123; 5063
1; 1; 124; 4842
1; 1; 125; 31020
1; 1; 126; 2836
1; 1; 127; 7774
1; 1; 128; 0
2; 1; 1; 3223
2; 1; 2; 16908
2; 1; 3; 406
2; 1; 4; 7492
2; 1; 5; 8418
2; 1; 6; 20231
2; 1; 7; 5178
2; 1; 8; 5050
2; 1; 9; 6925
2; 1; 10; 24162
2; 1; 11; 33024
2; 1; 12; 33849
2; 1; 13; 1903
2; 1; 14; 31658
2; 1; 15; 29175
2; 1; 16; 3308
2; 1; 17; 4618
2; 1; 18; 24461
2; 1; 19; 23852
2; 1; 20; 3141
2; 1; 21; 4357
2; 1; 22; 24330
2; 1; 23; 5794
2; 1; 24; 23590
2; 1; 25; 32776
2; 1; 26; 19186
2; 1; 27; 32950
2; 1; 28; 9016
2; 1; 29; 17439
2; 1; 30; 4721
2; 1; 31; 32952
2; 1; 32; 32746
2; 1; 33; 940
2; 1; 34; 33839
2; 1; 35; 4334
2; 1; 36; 3238
2; 1; 37; 571
2; 1; 38; 768
2; 1; 39; 7315
2; 1; 40; 7437
2; 1; 41; 2188
2; 1; 42; 30814
2; 1; 43; 7618
2; 1; 44; 887
2; 1; 45; 7370
2; 1; 46; 7365
2; 1; 47; 875
2; 1; 48; 7309
2; 1; 49; 5232
2; 1; 50; 0
1; 2; 1; 33236
1; 2; 2; 1594
1; 2; 3; 2688
1; 2; 4; 23728
1; 2; 5; 1585
1; 2; 6; 4235
1; 2; 7; 4845
1; 2; 8; 20690
1; 2; 9; 7941
1; 2; 10; 16580
1; 2; 11; 325
1; 2; 12; 4857
1; 2; 13; 5105
1; 2; 14; 29250
1; 2; 15; 6224
1; 2; 16; 7953
1; 2; 17; 4838
1; 2; 18; 7308
1; 2; 19; 2300
1; 2; 20; 5201
1; 2; 21; 15142
1; 2; 22; 7740
1; 2; 23; 6809
1; 2; 24; 5005
1; 2; 25; 895
1; 2; 26; 18
1; 2; 27; 5407
1; 2; 28; 2353
1; 2; 29; 5159
1; 2; 30; 6147
1; 2; 31; 32285
1; 2; 32; 898
1; 2; 33; 4895
1; 2; 34; 1875
1; 2; 35; 31913
1; 2; 36; 2698
1; 2; 37; 6887
1; 2; 38; 6168
1; 2; 39; 34762
1; 2; 40; 7357
1; 2; 41; 31469
1; 2; 42; 25920
1; 2; 43; 27124
1; 2; 44; 25776
1; 2; 45; 32735
1; 2; 46; 620
1; 2; 47; 33976
1; 2; 48; 1000
1; 2; 49; 7472
1; 2; 50; 33781
1; 2; 51; 1174
1; 2; 52; 960
1; 2; 53; 20412
1; 2; 54; 839
1; 2; 55; 4088
1; 2; 56; 20533
1; 2; 57; 34544
1; 2; 58; 30157
1; 2; 59; 25908
1; 2; 60; 24047
1; 2; 61; 1013
1; 2; 62; 23990
1; 2; 63; 642
1; 2; 64; 811
1; 2; 65; 8584
1; 2; 66; 2741
1; 2; 67; 1522
1; 2; 68; 7009
1; 2; 69; 29087
1; 2; 70; 835
1; 2; 71; 26070
1; 2; 72; 2939
1; 2; 73; 26706
1; 2; 74; 1278
1; 2; 75; 1066
1; 2; 76; 1312
1; 2; 77; 2516
1; 2; 78; 18009
1; 2; 79; 34050
1; 2; 80; 2714
1; 2; 81; 28517
1; 2; 82; 204
1; 2; 83; 1957
1; 2; 84; 1506
1; 2; 85; 4779
1; 2; 86; 16673
1; 2; 87; 24705
1; 2; 88; 6654
1; 2; 89; 24322
1; 2; 90; 30242
1; 2; 91; 24044
1; 2; 92; 28007
1; 2; 93; 31441
1; 2; 94; 7137
1; 2; 95; 4201
1; 2; 96; 936
1; 2; 97; 34288
1; 2; 98; 25213
1; 2; 99; 28784
1; 2; 100; 16919
1; 2; 101; 114
1; 2; 102; 22184
1; 2; 103; 21335
1; 2; 104; 0
1; 2; 105; 5205
1; 2; 106; 3140
1; 2; 107; 28082
1; 2; 108; 5053
1; 2; 109; 30026
1; 2; 110; 3219
1; 2; 111; 5215
1; 2; 112; 23810
1; 2; 113; 4935
1; 2; 114; 0
2; 2; 1; 363
2; 2; 2; 4746
2; 2; 3; 28702
2; 2; 4; 5344
2; 2; 5; 32711
2; 2; 6; 16661
2; 2; 7; 23160
2; 2; 8; 24042
2; 2; 9; 33
2; 2; 10; 6181
2; 2; 11; 17733
2; 2; 12; 4576
2; 2; 13; 658
2; 2; 14; 4881
2; 2; 15; 23862
2; 2; 16; 25505
2; 2; 17; 24164
2; 2; 18; 8409
2; 2; 19; 1139
2; 2; 20; 3115
2; 2; 21; 984
2; 2; 22; 24590
2; 2; 23; 8290
2; 2; 24; 1324
2; 2; 25; 2740
2; 2; 26; 31047
2; 2; 27; 962
2; 2; 28; 941
2; 2; 29; 31905
2; 2; 30; 29911
2; 2; 31; 23988
2; 2; 32; 32949
2; 2; 33; 5908
2; 2; 34; 4953
2; 2; 35; 15093
2; 2; 36; 981
2; 2; 37; 23982
2; 2; 38; 7205
2; 2; 39; 944
2; 2; 40; 8369
2; 2; 41; 33003
2; 2; 42; 34825
2; 2; 43; 946
2; 2; 44; 33318
2; 2; 45; 16472
2; 2; 46; 865
2; 2; 47; 945
2; 2; 48; 1640
2; 2; 49; 843
2; 2; 50; 21064
2; 2; 51; 24163
2; 2; 52; 809
2; 2; 53; 552
2; 2; 54; 32946
2; 2; 55; 30411
2; 2; 56; 1583
2; 2; 57; 19375
2; 2; 58; 572
2; 2; 59; 34374
2; 2; 60; 32973
2; 2; 61; 1254
2; 2; 62; 33827
2; 2; 63; 6360
2; 2; 64; 34366
2; 2; 65; 21297
2; 2; 66; 1924
2; 2; 67; 1068
2; 2; 68; 31136
2; 2; 69; 4367
2; 2; 70; 751
2; 2; 71; 5036
2; 2; 72; 24449
2; 2; 73; 24295
2; 2; 74; 33926
2; 2; 75; 20255
2; 2; 76; 31156
2; 2; 77; 26190
2; 2; 78; 34504
2; 2; 79; 18887
2; 2; 80; 31801
2; 2; 81; 1230
2; 2; 82; 28198
2; 2; 83; 1241
2; 2; 84; 15945
2; 2; 85; 22253
2; 2; 86; 21094
2; 2; 87; 7070
2; 2; 88; 32109
2; 2; 89; 8131
2; 2; 90; 6828
2; 2; 91; 1064
2; 2; 92; 1065
2; 2; 93; 33104
2; 2; 94; 33346
2; 2; 95; 1212
2; 2; 96; 20215
2; 2; 97; 21276
2; 2; 98; 3046
2; 2; 99; 30968
2; 2; 100; 26079
2; 2; 101; 29730
2; 2; 102; 30969
2; 2; 103; 1663
2; 2; 104; 4751
2; 2; 105; 820
2; 2; 106; 6395
2; 2; 107; 5170
2; 2; 108; 5176
2; 2; 109; 5116
2; 2; 110; 1772
2; 2; 111; 8141
2; 2; 112; 2757
2; 2; 113; 1895
2; 2; 114; 6865
2; 2; 115; 8030
2; 2; 116; 5339
2; 2; 117; 15940
2; 2; 118; 4958
2; 2; 119; 4904
2; 2; 120; 22704
2; 2; 121; 4986
2; 2; 122; 0
1; 3; 1; 31658
1; 3; 2; 4767
1; 3; 3; 892
1; 3; 4; 19836
1; 3; 5; 4823
1; 3; 6; 25195
1; 3; 7; 21701
1; 3; 8; 5189
1; 3; 9; 4350
1; 3; 10; 32702
1; 3; 11; 31898
1; 3; 12; 31679
1; 3; 13; 1995
1; 3; 14; 7480
1; 3; 15; 1959
1; 3; 16; 5039
1; 3; 17; 34121
1; 3; 18; 1751
1; 3; 19; 5550
1; 3; 20; 5082
1; 3; 21; 16697
1; 3; 22; 4978
1; 3; 23; 1407
1; 3; 24; 4766
1; 3; 25; 8414
1; 3; 26; 5011
1; 3; 27; 5351
1; 3; 28; 2539
1; 3; 29; 5006
1; 3; 30; 5097
1; 3; 31; 5832
1; 3; 32; 5190
1; 3; 33; 19546
1; 3; 34; 20512
1; 3; 35; 4851
1; 3; 36; 6771
1; 3; 37; 26836
1; 3; 38; 28516
1; 3; 39; 33666
1; 3; 40; 31661
1; 3; 41; 5131
1; 3; 42; 2949
1; 3; 43; 5109
1; 3; 44; 19155
1; 3; 45; 28125
1; 3; 46; 4955
1; 3; 47; 18872
1; 3; 48; 2100
1; 3; 49; 5226
1; 3; 50; 19000
1; 3; 51; 5882
1; 3; 52; 3348
1; 3; 53; 17379
1; 3; 54; 27692
1; 3; 55; 4487
1; 3; 56; 817
1; 3; 57; 16093
1; 3; 58; 789
1; 3; 59; 766
1; 3; 60; 6260
1; 3; 61; 836
1; 3; 62; 1211
1; 3; 63; 697
1; 3; 64; 33162
1; 3; 65; 3295
1; 3; 66; 23391
1; 3; 67; 23155
1; 3; 68; 32876
1; 3; 69; 7072
1; 3; 70; 2862
1; 3; 71; 28061
1; 3; 72; 7040
1; 3; 73; 5682
1; 3; 74; 31188
1; 3; 75; 7477
1; 3; 76; 6955
1; 3; 77; 17957
1; 3; 78; 30863
1; 3; 79; 27158
1; 3; 80; 20844
1; 3; 81; 6270
1; 3; 82; 15958
1; 3; 83; 7184
1; 3; 84; 8435
1; 3; 85; 3197
1; 3; 86; 19168
1; 3; 87; 16062
1; 3; 88; 32370
1; 3; 89; 34611
1; 3; 90; 24229
1; 3; 91; 2094
1; 3; 92; 22771
1; 3; 93; 18006
1; 3; 94; 24294
1; 3; 95; 17541
1; 3; 96; 16326
1; 3; 97; 15168
1; 3; 98; 25082
1; 3; 99; 956
1; 3; 100; 880
1; 3; 101; 31152
1; 3; 102; 15180
1; 3; 103; 7980
1; 3; 104; 16759
1; 3; 105; 1303
1; 3; 106; 30164
1; 3; 107; 15911
1; 3; 108; 7753
1; 3; 109; 4926
1; 3; 110; 0
2; 3; 1; 32889
2; 3; 2; 5052
2; 3; 3; 1739
2; 3; 4; 34841
2; 3; 5; 338
2; 3; 6; 26064
2; 3; 7; 6286
2; 3; 8; 5787
2; 3; 9; 15426
2; 3; 10; 1728
2; 3; 11; 5055
2; 3; 12; 5017
2; 3; 13; 6217
2; 3; 14; 5018
2; 3; 15; 4740
2; 3; 16; 4750
2; 3; 17; 29509
2; 3; 18; 5888
2; 3; 19; 28819
2; 3; 20; 5729
2; 3; 21; 5166
2; 3; 22; 34910
2; 3; 23; 28315
2; 3; 24; 730
2; 3; 25; 8333
2; 3; 26; 143
2; 3; 27; 6321
2; 3; 28; 17714
2; 3; 29; 25704
2; 3; 30; 28985
2; 3; 31; 6378
2; 3; 32; 33071
2; 3; 33; 6322
2; 3; 34; 948
2; 3; 35; 25586
2; 3; 36; 34331
2; 3; 37; 5185
2; 3; 38; 6813
2; 3; 39; 942
2; 3; 40; 696
2; 3; 41; 644
2; 3; 42; 1005
2; 3; 43; 24119
2; 3; 44; 28043
2; 3; 45; 4340
2; 3; 46; 33953
2; 3; 47; 2340
2; 3; 48; 5576
2; 3; 49; 31051
2; 3; 50; 33947
2; 3; 51; 537
2; 3; 52; 23110
2; 3; 53; 622
2; 3; 54; 5264
2; 3; 55; 25584
2; 3; 56; 23880
2; 3; 57; 32096
2; 3; 58; 1336
2; 3; 59; 33002
2; 3; 60; 29975
2; 3; 61; 2483
2; 3; 62; 701
2; 3; 63; 24389
2; 3; 64; 26401
2; 3; 65; 33954
2; 3; 66; 29204
2; 3; 67; 22147
2; 3; 68; 20963
2; 3; 69; 2728
2; 3; 70; 8497
2; 3; 71; 1223
2; 3; 72; 23922
2; 3; 73; 733
2; 3; 74; 18837
2; 3; 75; 8233
2; 3; 76; 7979
2; 3; 77; 5970
2; 3; 78; 8033
2; 3; 79; 34486
2; 3; 80; 32895
2; 3; 81; 1221
2; 3; 82; 5473
2; 3; 83; 1043
2; 3; 84; 7694
2; 3; 85; 996
2; 3; 86; 1188
2; 3; 87; 4814
2; 3; 88; 30809
2; 3; 89; 4977
2; 3; 90; 6010
2; 3; 91; 19987
2; 3; 92; 8410
2; 3; 93; 1734
2; 3; 94; 4970
2; 3; 95; 33211
2; 3; 96; 17262
2; 3; 97; 31023
2; 3; 98; 5788
2; 3; 99; 20793
2; 3; 100; 4957
2; 3; 101; 5571
2; 3; 102; 4608
2; 3; 103; 5107
2; 3; 104; 4824
2; 3; 105; 24043
2; 3; 106; 4825
2; 3; 107; 21343
2; 3; 108; 2500
2; 3; 109; 2627
2; 3; 110; 2184
2; 3; 111; 4907
2; 3; 112; 6503
2; 3; 113; 31663
2; 3; 114; 21967
2; 3; 115; 31267
2; 3; 116; 24021
2; 3; 117; 7617
2; 3; 118; 0
1; 4; 1; 28495
1; 4; 2; 358
1; 4; 3; 1726
1; 4; 4; 27965
1; 4; 5; 26515
1; 4; 6; 26241
1; 4; 7; 34458
1; 4; 8; 6315
1; 4; 9; 3292
1; 4; 10; 4910
1; 4; 11; 4987
1; 4; 12; 5202
1; 4; 13; 29266
1; 4; 14; 8413
1; 4; 15; 5804
1; 4; 16; 5152
1; 4; 17; 2832
1; 4; 18; 8361
1; 4; 19; 4829
1; 4; 20; 28899
1; 4; 21; 0
1; 4; 22; 4631
1; 4; 23; 24078
1; 4; 24; 1771
1; 4; 25; 24125
1; 4; 26; 1826
1; 4; 27; 4896
1; 4; 28; 1755
1; 4; 29; 1727
1; 4; 30; 1764
1; 4; 31; 31461
1; 4; 32; 4815
1; 4; 33; 30229
1; 4; 34; 21807
1; 4; 35; 33425
1; 4; 36; 1824
1; 4; 37; 5224
1; 4; 38; 4780
1; 4; 39; 7211
1; 4; 40; 3003
1; 4; 41; 4991
1; 4; 42; 122
1; 4; 43; 4816
1; 4; 44; 6272
1; 4; 45; 5142
1; 4; 46; 30152
1; 4; 47; 6587
1; 4; 48; 603
1; 4; 49; 4524
1; 4; 50; 7372
1; 4; 51; 969
1; 4; 52; 6129
1; 4; 53; 21179
1; 4; 54; 30382
1; 4; 55; 2456
1; 4; 56; 162
1; 4; 57; 1063
1; 4; 58; 4337
1; 4; 59; 574
1; 4; 60; 7314
1; 4; 61; 449
1; 4; 62; 2259
1; 4; 63; 34593
1; 4; 64; 30815
1; 4; 65; 34199
1; 4; 66; 23795
1; 4; 67; 32562
1; 4; 68; 8202
1; 4; 69; 24180
1; 4; 70; 950
1; 4; 71; 1526
1; 4; 72; 846
1; 4; 73; 26763
1; 4; 74; 949
1; 4; 75; 5762
1; 4; 76; 597
1; 4; 77; 18715
1; 4; 78; 29973
1; 4; 79; 30758
1; 4; 80; 33740
1; 4; 81; 28367
1; 4; 82; 18996
1; 4; 83; 30075
1; 4; 84; 23086
1; 4; 85; 25543
1; 4; 86; 1605
1; 4; 87; 33951
1; 4; 88; 8983
1; 4; 89; 2346
1; 4; 90; 29892
1; 4; 91; 26265
1; 4; 92; 20453
1; 4; 93; 29839
1; 4; 94; 25465
1; 4; 95; 891
1; 4; 96; 1272
1; 4; 97; 30825
1; 4; 98; 3045
1; 4; 99; 1246
1; 4; 100; 1084
1; 4; 101; 5792
1; 4; 102; 935
1; 4; 103; 31323
1; 4; 104; 32694
1; 4; 105; 33996
1; 4; 106; 34424
1; 4; 107; 1378
1; 4; 108; 34612
1; 4; 109; 30824
1; 4; 110; 31151
1; 4; 111; 4234
1; 4; 112; 661
1; 4; 113; 5111
1; 4; 114; 6316
1; 4; 115; 15487
1; 4; 116; 4956
1; 4; 117; 5929
1; 4; 118; 31279
1; 4; 119; 5056
1; 4; 120; 22171
1; 4; 121; 5092
1; 4; 122; 23070
1; 4; 123; 0
2; 4; 1; 4734
2; 4; 2; 34582
2; 4; 3; 6340
2; 4; 4; 32560
2; 4; 5; 27137
2; 4; 6; 22751
2; 4; 7; 34814
2; 4; 8; 27700
2; 4; 9; 747
2; 4; 10; 812
2; 4; 11; 1731
2; 4; 12; 23955
2; 4; 13; 883
2; 4; 14; 6169
2; 4; 15; 851
2; 4; 16; 1273
2; 4; 17; 5679
2; 4; 18; 32864
2; 4; 19; 4354
2; 4; 20; 6248
2; 4; 21; 1720
2; 4; 22; 624
2; 4; 23; 1067
2; 4; 24; 1017
2; 4; 25; 550
2; 4; 26; 8201
2; 4; 27; 7237
2; 4; 28; 562
2; 4; 29; 24528
2; 4; 30; 2188
2; 4; 31; 4773
2; 4; 32; 5012
2; 4; 33; 15760
2; 4; 34; 15825
2; 4; 35; 5127
2; 4; 36; 5146
2; 4; 37; 6603
2; 4; 38; 25100
2; 4; 39; 1876
2; 4; 40; 4755
2; 4; 41; 7300
2; 4; 42; 22342
2; 4; 43; 3018
2; 4; 44; 4981
2; 4; 45; 8211
2; 4; 46; 5126
2; 4; 47; 5141
2; 4; 48; 30528
2; 4; 49; 4772
2; 4; 50; 5058
2; 4; 51; 8412
2; 4; 52; 6359
2; 4; 53; 24120
2; 4; 54; 4796
2; 4; 55; 5555
2; 4; 56; 2306
2; 4; 57; 2707
2; 4; 58; 30710
2; 4; 59; 0
1; 5; 1; 33236
1; 5; 2; 4950
1; 5; 3; 31663
1; 5; 4; 8319
1; 5; 5; 1601
1; 5; 6; 29035
1; 5; 7; 5204
1; 5; 8; 4775
1; 5; 9; 6289
1; 5; 10; 34878
1; 5; 11; 5219
1; 5; 12; 1181
1; 5; 13; 26079
1; 5; 14; 4753
1; 5; 15; 2316
1; 5; 16; 4844
1; 5; 17; 5239
1; 5; 18; 5144
1; 5; 19; 5983
1; 5; 20; 4748
1; 5; 21; 32778
1; 5; 22; 5009
1; 5; 23; 7953
1; 5; 24; 4884
1; 5; 25; 34219
1; 5; 26; 16607
1; 5; 27; 6144
1; 5; 28; 5861
1; 5; 29; 19697
1; 5; 30; 4804
1; 5; 31; 30370
1; 5; 32; 7740
1; 5; 33; 20621
1; 5; 34; 4911
1; 5; 35; 33666
1; 5; 36; 3205
1; 5; 37; 29921
1; 5; 38; 7104
1; 5; 39; 4974
1; 5; 40; 32538
1; 5; 41; 19473
1; 5; 42; 7357
1; 5; 43; 16960
1; 5; 44; 850
1; 5; 45; 7720
1; 5; 46; 32109
1; 5; 47; 7424
1; 5; 48; 508
1; 5; 49; 7505
1; 5; 50; 23890
1; 5; 51; 23037
1; 5; 52; 26862
1; 5; 53; 1332
1; 5; 54; 31156
1; 5; 55; 28007
1; 5; 56; 1603
1; 5; 57; 23106
1; 5; 58; 31588
1; 5; 59; 4736
1; 5; 60; 23621
1; 5; 61; 1179
1; 5; 62; 4153
1; 5; 63; 3322
1; 5; 64; 33070
1; 5; 65; 6274
1; 5; 66; 21589
1; 5; 67; 7226
1; 5; 68; 9490
1; 5; 69; 33
1; 5; 70; 26317
1; 5; 71; 31833
1; 5; 72; 1337
1; 5; 73; 30383
1; 5; 74; 29246
1; 5; 75; 1280
1; 5; 76; 1267
1; 5; 77; 29893
1; 5; 78; 1083
1; 5; 79; 3134
1; 5; 80; 33985
1; 5; 81; 2652
1; 5; 82; 1213
1; 5; 83; 783
1; 5; 84; 31483
1; 5; 85; 1069
1; 5; 86; 29626
1; 5; 87; 30812
1; 5; 88; 881
1; 5; 89; 1015
1; 5; 90; 7747
1; 5; 91; 25745
1; 5; 92; 4878
1; 5; 93; 5037
1; 5; 94; 33686
1; 5; 95; 1374
1; 5; 96; 795
1; 5; 97; 8368
1; 5; 98; 25188
1; 5; 99; 0
1; 5; 100; 1854
1; 5; 101; 0
2; 5; 1; 7772
2; 5; 2; 2699
2; 5; 3; 6498
2; 5; 4; 32774
2; 5; 5; 15074
2; 5; 6; 29032
2; 5; 7; 32813
2; 5; 8; 8363
2; 5; 9; 5048
2; 5; 10; 2621
2; 5; 11; 29895
2; 5; 12; 5221
2; 5; 13; 25860
2; 5; 14; 6888
2; 5; 15; 30238
2; 5; 16; 7308
2; 5; 17; 4934
2; 5; 18; 18
2; 5; 19; 1758
2; 5; 20; 5010
2; 5; 21; 17201
2; 5; 22; 8244
2; 5; 23; 4994
2; 5; 24; 5636
2; 5; 25; 3349
2; 5; 26; 15272
2; 5; 27; 256
2; 5; 28; 30089
2; 5; 29; 31904
2; 5; 30; 30365
2; 5; 31; 29885
2; 5; 32; 1590
2; 5; 33; 203
2; 5; 34; 20457
2; 5; 35; 778
2; 5; 36; 577
2; 5; 37; 5532
2; 5; 38; 34111
2; 5; 39; 21094
2; 5; 40; 28825
2; 5; 41; 5542
2; 5; 42; 31658
2; 5; 43; 767
2; 5; 44; 32127
2; 5; 45; 1517
2; 5; 46; 7730
2; 5; 47; 22825
2; 5; 48; 573
2; 5; 49; 25262
2; 5; 50; 7714
2; 5; 51; 6478
2; 5; 52; 32300
2; 5; 53; 526
2; 5; 54; 33206
2; 5; 55; 538
2; 5; 56; 5791
2; 5; 57; 1264
2; 5; 58; 24046
2; 5; 59; 5036
2; 5; 60; 3357
2; 5; 61; 15265
2; 5; 62; 31961
2; 5; 63; 24882
2; 5; 64; 32809
2; 5; 65; 27327
2; 5; 66; 2680
2; 5; 67; 32823
2; 5; 68; 31661
2; 5; 69; 4774
2; 5; 70; 4852
2; 5; 71; 7161
2; 5; 72; 4749
2; 5; 73; 34762
2; 5; 74; 7083
2; 5; 75; 2741
2; 5; 76; 8272
2; 5; 77; 22483
2; 5; 78; 34669
2; 5; 79; 1040
2; 5; 80; 23728
2; 5; 81; 4949
2; 5; 82; 0
