1; 1; 1; 3223
1; 1; 2; 5152
1; 1; 3; 5058
1; 1; 4; 4879
1; 1; 5; 5005
1; 1; 6; 18
1; 1; 7; 5729
1; 1; 8; 34878
1; 1; 9; 27327
1; 1; 10; 4749
1; 1; 11; 4981
1; 1; 12; 4831
1; 1; 13; 22296
1; 1; 14; 2627
1; 1; 15; 26515
1; 1; 16; 29032
1; 1; 17; 2699
1; 1; 18; 33236
1; 1; 19; 33666
1; 1; 20; 28315
1; 1; 21; 4977
1; 1; 22; 5128
1; 1; 23; 0
1; 1; 24; 4815
1; 1; 25; 4974
1; 1; 26; 19473
1; 1; 27; 730
1; 1; 28; 8607
1; 1; 29; 31469
1; 1; 30; 2191
1; 1; 31; 32946
1; 1; 32; 31188
1; 1; 33; 34646
1; 1; 34; 7315
1; 1; 35; 1517
1; 1; 36; 2740
1; 1; 37; 28061
1; 1; 38; 15631
1; 1; 39; 1324
1; 1; 40; 526
1; 1; 41; 2862
1; 1; 42; 550
1; 1; 43; 537
1; 1; 44; 571
1; 1; 45; 23155
1; 1; 46; 141
1; 1; 47; 2516
1; 1; 48; 32711
1; 1; 49; 1605
1; 1; 50; 26317
1; 1; 51; 20844
1; 1; 52; 17733
1; 1; 53; 24229
1; 1; 54; 3197
1; 1; 55; 15031
1; 1; 56; 28985
1; 1; 57; 28367
1; 1; 58; 30242
1; 1; 59; 4367
1; 1; 60; 18006
1; 1; 61; 5679
1; 1; 62; 3134
1; 1; 63; 5791
1; 1; 64; 24295
1; 1; 65; 26401
1; 1; 66; 28007
1; 1; 67; 2483
1; 1; 68; 868
1; 1; 69; 31801
1; 1; 70; 789
1; 1; 71; 8971
1; 1; 72; 1522
1; 1; 73; 7009
1; 1; 74; 23890
1; 1; 75; 162
1; 1; 76; 23922
1; 1; 77; 3348
1; 1; 78; 32895
1; 1; 79; 18837
1; 1; 80; 8269
1; 1; 81; 20328
1; 1; 82; 7709
1; 1; 83; 31152
1; 1; 84; 15180
1; 1; 85; 1065
1; 1; 86; 1064
1; 1; 87; 1015
1; 1; 88; 24118
1; 1; 89; 1188
1; 1; 90; 972
1; 1; 91; 4814
1; 1; 92; 1625
1; 1; 93; 5111
1; 1; 94; 6316
1; 1; 95; 8413
1; 1; 96; 4956
1; 1; 97; 5219
1; 1; 98; 6249
1; 1; 99; 29895
1; 1; 100; 1876
1; 1; 101; 5146
1; 1; 102; 1739
1; 1; 103; 8327
1; 1; 104; 6272
1; 1; 105; 4903
1; 1; 106; 122
1; 1; 107; 30152
1; 1; 108; 4978
1; 1; 109; 5056
1; 1; 110; 22171
1; 1; 111; 5018
1; 1; 112; 6147
1; 1; 113; 2316
1; 1; 114; 29509
1; 1; 115; 34910
1; 1; 116; 2300
1; 1; 117; 5555
1; 1; 118; 1888
1; 1; 119; 1895
1; 1; 120; 23070
1; 1; 121; 20512
1; 1; 122; 4851
1; 1; 123; 4935
1; 1; 124; 19836
1; 1; 125; 3140
1; 1; 126; 5205
1; 1; 127; 406
1; 1; 128; 30730
1; 1; 129; 0
2; 1; 1; 4829
2; 1; 2; 31658
2; 1; 3; 5571
2; 1; 4; 25678
2; 1; 5; 4970
2; 1; 6; 5009
2; 1; 7; 34679
2; 1; 8; 4748
2; 1; 9; 325
2; 1; 10; 26836
2; 1; 11; 2500
2; 1; 12; 31663
2; 1; 13; 4796
2; 1; 14; 5012
2; 1; 15; 31679
2; 1; 16; 33211
2; 1; 17; 6865
2; 1; 18; 3018
2; 1; 19; 6587
2; 1; 20; 31661
2; 1; 21; 7359
2; 1; 22; 26248
2; 1; 23; 7357
2; 1; 24; 25341
2; 1; 25; 8233
2; 1; 26; 20412
2; 1; 27; 642
2; 1; 28; 27100
2; 1; 29; 883
2; 1; 30; 785
2; 1; 31; 20963
2; 1; 32; 1603
2; 1; 33; 997
2; 1; 34; 23391
2; 1; 35; 25584
2; 1; 36; 1007
2; 1; 37; 584
2; 1; 38; 32127
2; 1; 39; 620
2; 1; 40; 25586
2; 1; 41; 23862
2; 1; 42; 30758
2; 1; 43; 33740
2; 1; 44; 30199
2; 1; 45; 4721
2; 1; 46; 28043
2; 1; 47; 8369
2; 1; 48; 944
2; 1; 49; 597
2; 1; 50; 29911
2; 1; 51; 31905
2; 1; 52; 16472
2; 1; 53; 865
2; 1; 54; 33318
2; 1; 55; 18716
2; 1; 56; 843
2; 1; 57; 21064
2; 1; 58; 24163
2; 1; 59; 810
2; 1; 60; 4881
2; 1; 61; 1008
2; 1; 62; 32776
2; 1; 63; 6378
2; 1; 64; 23086
2; 1; 65; 6274
2; 1; 66; 30863
2; 1; 67; 6270
2; 1; 68; 143
2; 1; 69; 885
2; 1; 70; 1599
2; 1; 71; 20457
2; 1; 72; 23852
2; 1; 73; 1334
2; 1; 74; 26070
2; 1; 75; 24358
2; 1; 76; 21297
2; 1; 77; 688
2; 1; 78; 203
2; 1; 79; 2714
2; 1; 80; 20419
2; 1; 81; 33926
2; 1; 82; 26190
2; 1; 83; 697
2; 1; 84; 1069
2; 1; 85; 844
2; 1; 86; 1223
2; 1; 87; 8131
2; 1; 88; 17379
2; 1; 89; 7694
2; 1; 90; 25908
2; 1; 91; 27465
2; 1; 92; 14930
2; 1; 93; 26243
2; 1; 94; 7070
2; 1; 95; 21094
2; 1; 96; 23990
2; 1; 97; 29175
2; 1; 98; 5037
2; 1; 99; 4986
2; 1; 100; 33686
2; 1; 101; 0
1; 2; 1; 25188
1; 2; 2; 31020
1; 2; 3; 15272
1; 2; 4; 6010
1; 2; 5; 34762
1; 2; 6; 30872
1; 2; 7; 2188
1; 2; 8; 34593
1; 2; 9; 19375
1; 2; 10; 5229
1; 2; 11; 574
1; 2; 12; 26046
1; 2; 13; 768
1; 2; 14; 7011
1; 2; 15; 25262
1; 2; 16; 24164
1; 2; 17; 809
1; 2; 18; 946
1; 2; 19; 24257
1; 2; 20; 981
1; 2; 21; 943
1; 2; 22; 24119
1; 2; 23; 942
1; 2; 24; 696
1; 2; 25; 941
1; 2; 26; 952
1; 2; 27; 23982
1; 2; 28; 1005
1; 2; 29; 31136
1; 2; 30; 1267
1; 2; 31; 34050
1; 2; 32; 1083
1; 2; 33; 1211
1; 2; 34; 29885
1; 2; 35; 31156
1; 2; 36; 1335
1; 2; 37; 1246
1; 2; 38; 18887
1; 2; 39; 701
1; 2; 40; 7424
1; 2; 41; 8188
1; 2; 42; 1669
1; 2; 43; 30824
1; 2; 44; 25969
1; 2; 45; 1772
1; 2; 46; 2698
1; 2; 47; 7308
1; 2; 48; 31461
1; 2; 49; 0
1; 2; 50; 23728
1; 2; 51; 33532
1; 2; 52; 5131
1; 2; 53; 4852
1; 2; 54; 5038
1; 2; 55; 5983
1; 2; 56; 4991
1; 2; 57; 19377
1; 2; 58; 24120
1; 2; 59; 2539
1; 2; 60; 5888
1; 2; 61; 7953
1; 2; 62; 4838
1; 2; 63; 5159
1; 2; 64; 5166
1; 2; 65; 4958
1; 2; 66; 5010
1; 2; 67; 5407
1; 2; 68; 4751
1; 2; 69; 4750
1; 2; 70; 6286
1; 2; 71; 29730
1; 2; 72; 5004
1; 2; 73; 28289
1; 2; 74; 5107
1; 2; 75; 5832
1; 2; 76; 5061
1; 2; 77; 4608
1; 2; 78; 4955
1; 2; 79; 27613
1; 2; 80; 6809
1; 2; 81; 34739
1; 2; 82; 4969
1; 2; 83; 2100
1; 2; 84; 4235
1; 2; 85; 21343
1; 2; 86; 27965
1; 2; 87; 2680
1; 2; 88; 5204
1; 2; 89; 5856
1; 2; 90; 8319
1; 2; 91; 5788
1; 2; 92; 30969
1; 2; 93; 2707
1; 2; 94; 7740
1; 2; 95; 32601
1; 2; 96; 17262
1; 2; 97; 1995
1; 2; 98; 25860
1; 2; 99; 5564
1; 2; 100; 4816
1; 2; 101; 34841
1; 2; 102; 6136
1; 2; 103; 32285
1; 2; 104; 5362
1; 2; 105; 30875
1; 2; 106; 32102
1; 2; 107; 4857
1; 2; 108; 15487
1; 2; 109; 4801
1; 2; 110; 1732
1; 2; 111; 5224
1; 2; 112; 26079
1; 2; 113; 29921
1; 2; 114; 5049
1; 2; 115; 5050
1; 2; 116; 7541
1; 2; 117; 6603
1; 2; 118; 2306
1; 2; 119; 2621
1; 2; 120; 0
2; 2; 1; 1374
2; 2; 2; 4825
2; 2; 3; 3219
2; 2; 4; 6498
2; 2; 5; 28784
2; 2; 6; 4234
2; 2; 7; 34814
2; 2; 8; 29342
2; 2; 9; 936
2; 2; 10; 22751
2; 2; 11; 1221
2; 2; 12; 30382
2; 2; 13; 930
2; 2; 14; 7374
2; 2; 15; 7646
2; 2; 16; 4487
2; 2; 17; 1043
2; 2; 18; 880
2; 2; 19; 7505
2; 2; 20; 508
2; 2; 21; 24389
2; 2; 22; 21967
2; 2; 23; 28082
2; 2; 24; 7309
2; 2; 25; 552
2; 2; 26; 32562
2; 2; 27; 767
2; 2; 28; 2259
2; 2; 29; 5682
2; 2; 30; 1934
2; 2; 31; 4354
2; 2; 32; 6478
2; 2; 33; 7618
2; 2; 34; 25776
2; 2; 35; 34199
2; 2; 36; 34650
2; 2; 37; 31485
2; 2; 38; 5185
2; 2; 39; 846
2; 2; 40; 24590
2; 2; 41; 5762
2; 2; 42; 6813
2; 2; 43; 32950
2; 2; 44; 984
2; 2; 45; 7472
2; 2; 46; 26265
2; 2; 47; 882
2; 2; 48; 8497
2; 2; 49; 1269
2; 2; 50; 8331
2; 2; 51; 1272
2; 2; 52; 33070
2; 2; 53; 16661
2; 2; 54; 5553
2; 2; 55; 23456
2; 2; 56; 27958
2; 2; 57; 121
2; 2; 58; 33071
2; 2; 59; 6322
2; 2; 60; 6321
2; 2; 61; 25543
2; 2; 62; 33951
2; 2; 63; 5794
2; 2; 64; 8435
2; 2; 65; 4359
2; 2; 66; 395
2; 2; 67; 34343
2; 2; 68; 24330
2; 2; 69; 30075
2; 2; 70; 27158
2; 2; 71; 31025
2; 2; 72; 204
2; 2; 73; 28517
2; 2; 74; 24449
2; 2; 75; 22771
2; 2; 76; 24044
2; 2; 77; 1066
2; 2; 78; 3357
2; 2; 79; 1312
2; 2; 80; 15945
2; 2; 81; 33002
2; 2; 82; 1638
2; 2; 83; 1336
2; 2; 84; 6260
2; 2; 85; 6863
2; 2; 86; 6169
2; 2; 87; 1241
2; 2; 88; 32694
2; 2; 89; 956
2; 2; 90; 34424
2; 2; 91; 8584
2; 2; 92; 5473
2; 2; 93; 5787
2; 2; 94; 1805
2; 2; 95; 1771
2; 2; 96; 4875
2; 2; 97; 5116
2; 2; 98; 17907
2; 2; 99; 34219
2; 2; 100; 8141
2; 2; 101; 5126
2; 2; 102; 820
2; 2; 103; 1663
2; 2; 104; 4844
2; 2; 105; 17969
2; 2; 106; 1758
2; 2; 107; 4992
2; 2; 108; 32606
2; 2; 109; 1727
2; 2; 110; 15142
2; 2; 111; 30370
2; 2; 112; 4763
2; 2; 113; 15940
2; 2; 114; 5127
2; 2; 115; 8414
2; 2; 116; 30238
2; 2; 117; 5142
2; 2; 118; 0
1; 3; 1; 363
1; 3; 2; 33346
1; 3; 3; 32774
1; 3; 4; 23596
1; 3; 5; 114
1; 3; 6; 5226
1; 3; 7; 18872
1; 3; 8; 31661
1; 3; 9; 4746
1; 3; 10; 31267
1; 3; 11; 5063
1; 3; 12; 8365
1; 3; 13; 4858
1; 3; 14; 661
1; 3; 15; 15911
1; 3; 16; 8363
1; 3; 17; 1602
1; 3; 18; 1040
1; 3; 19; 16132
1; 3; 20; 4201
1; 3; 21; 29626
1; 3; 22; 850
1; 3; 23; 1085
1; 3; 24; 2652
1; 3; 25; 33781
1; 3; 26; 7316
1; 3; 27; 1583
1; 3; 28; 27124
1; 3; 29; 2212
1; 3; 30; 622
1; 3; 31; 7314
1; 3; 32; 34374
1; 3; 33; 5793
1; 3; 34; 1278
1; 3; 35; 31961
1; 3; 36; 30365
1; 3; 37; 851
1; 3; 38; 6360
1; 3; 39; 6654
1; 3; 40; 1280
1; 3; 41; 2094
1; 3; 42; 3141
1; 3; 43; 33954
1; 3; 44; 16326
1; 3; 45; 1256
1; 3; 46; 30089
1; 3; 47; 32973
1; 3; 48; 30825
1; 3; 49; 4779
1; 3; 50; 23106
1; 3; 51; 7137
1; 3; 52; 31441
1; 3; 53; 5970
1; 3; 54; 812
1; 3; 55; 7720
1; 3; 56; 27692
1; 3; 57; 1378
1; 3; 58; 747
1; 3; 59; 23955
1; 3; 60; 1013
1; 3; 61; 4319
1; 3; 62; 34544
1; 3; 63; 33996
1; 3; 64; 1303
1; 3; 65; 18967
1; 3; 66; 4878
1; 3; 67; 15074
1; 3; 68; 4782
1; 3; 69; 4842
1; 3; 70; 32568
1; 3; 71; 5141
1; 3; 72; 3349
1; 3; 73; 7161
1; 3; 74; 795
1; 3; 75; 4774
1; 3; 76; 2949
1; 3; 77; 887
1; 3; 78; 7370
1; 3; 79; 7372
1; 3; 80; 5080
1; 3; 81; 33849
1; 3; 82; 19546
1; 3; 83; 5092
1; 3; 84; 4904
1; 3; 85; 4773
1; 3; 86; 4985
1; 3; 87; 4766
1; 3; 88; 24125
1; 3; 89; 2697
1; 3; 90; 5178
1; 3; 91; 25100
1; 3; 92; 5052
1; 3; 93; 20010
1; 3; 94; 1734
1; 3; 95; 4804
1; 3; 96; 2353
1; 3; 97; 31663
1; 3; 98; 16697
1; 3; 99; 4755
1; 3; 100; 4783
1; 3; 101; 34121
1; 3; 102; 7480
1; 3; 103; 6359
1; 3; 104; 8412
1; 3; 105; 5190
1; 3; 106; 5105
1; 3; 107; 19087
1; 3; 108; 5189
1; 3; 109; 5201
1; 3; 110; 5202
1; 3; 111; 0
2; 3; 1; 30710
2; 3; 2; 32778
2; 3; 3; 30229
2; 3; 4; 15426
2; 3; 5; 4797
2; 3; 6; 19697
2; 3; 7; 898
2; 3; 8; 5550
2; 3; 9; 1875
2; 3; 10; 31913
2; 3; 11; 3046
2; 3; 12; 31023
2; 3; 13; 576
2; 3; 14; 5929
2; 3; 15; 895
2; 3; 16; 5055
2; 3; 17; 1407
2; 3; 18; 26054
2; 3; 19; 33024
2; 3; 20; 30528
2; 3; 21; 5048
2; 3; 22; 7104
2; 3; 23; 8361
2; 3; 24; 4907
2; 3; 25; 6315
2; 3; 26; 32809
2; 3; 27; 4950
2; 3; 28; 603
2; 3; 29; 8418
2; 3; 30; 31658
2; 3; 31; 33666
2; 3; 32; 2456
2; 3; 33; 7430
2; 3; 34; 7791
2; 3; 35; 1213
2; 3; 36; 31608
2; 3; 37; 624
2; 3; 38; 1017
2; 3; 39; 5264
2; 3; 40; 562
2; 3; 41; 24528
2; 3; 42; 6955
2; 3; 43; 23110
2; 3; 44; 1067
2; 3; 45; 538
2; 3; 46; 8290
2; 3; 47; 5303
2; 3; 48; 34611
2; 3; 49; 2346
2; 3; 50; 2511
2; 3; 51; 16062
2; 3; 52; 17714
2; 3; 53; 32370
2; 3; 54; 32261
2; 3; 55; 5773
2; 3; 56; 19441
2; 3; 57; 15958
2; 3; 58; 3322
2; 3; 59; 5344
2; 3; 60; 23621
2; 3; 61; 4153
2; 3; 62; 15168
2; 3; 63; 1041
2; 3; 64; 778
2; 3; 65; 1264
2; 3; 66; 29893
2; 3; 67; 17541
2; 3; 68; 18009
2; 3; 69; 4358
2; 3; 70; 6139
2; 3; 71; 30383
2; 3; 72; 29246
2; 3; 73; 31900
2; 3; 74; 4618
2; 3; 75; 26706
2; 3; 76; 25465
2; 3; 77; 26862
2; 3; 78; 20255
2; 3; 79; 766
2; 3; 80; 3045
2; 3; 81; 836
2; 3; 82; 1924
2; 3; 83; 15265
2; 3; 84; 7979
2; 3; 85; 23037
2; 3; 86; 1731
2; 3; 87; 23880
2; 3; 88; 7083
2; 3; 89; 31323
2; 3; 90; 30164
2; 3; 91; 960
2; 3; 92; 18835
2; 3; 93; 29647
2; 3; 94; 4926
2; 3; 95; 908
2; 3; 96; 27189
2; 3; 97; 2839
2; 3; 98; 0
1; 4; 1; 28495
1; 4; 2; 33236
1; 4; 3; 5139
1; 4; 4; 881
1; 4; 5; 31183
1; 4; 6; 30812
1; 4; 7; 24882
1; 4; 8; 6828
1; 4; 9; 30165
1; 4; 10; 34486
1; 4; 11; 29087
1; 4; 12; 817
1; 4; 13; 17665
1; 4; 14; 16759
1; 4; 15; 25745
1; 4; 16; 935
1; 4; 17; 16093
1; 4; 18; 21094
1; 4; 19; 3333
1; 4; 20; 33904
1; 4; 21; 20533
1; 4; 22; 1018
1; 4; 23; 32096
1; 4; 24; 31588
1; 4; 25; 1084
1; 4; 26; 22147
1; 4; 27; 21300
1; 4; 28; 1957
1; 4; 29; 29892
1; 4; 30; 7184
1; 4; 31; 23590
1; 4; 32; 3209
1; 4; 33; 16067
1; 4; 34; 23160
1; 4; 35; 18720
1; 4; 36; 8333
1; 4; 37; 1063
1; 4; 38; 1174
1; 4; 39; 4337
1; 4; 40; 20453
1; 4; 41; 28007
1; 4; 42; 1506
1; 4; 43; 34366
1; 4; 44; 33985
1; 4; 45; 1590
1; 4; 46; 751
1; 4; 47; 256
1; 4; 48; 31904
1; 4; 49; 891
1; 4; 50; 24046
1; 4; 51; 32864
1; 4; 52; 2728
1; 4; 53; 804
1; 4; 54; 31483
1; 4; 55; 33840
1; 4; 56; 32300
1; 4; 57; 1720
1; 4; 58; 30814
1; 4; 59; 1155
1; 4; 60; 6248
1; 4; 61; 7437
1; 4; 62; 33206
1; 4; 63; 30411
1; 4; 64; 7072
1; 4; 65; 30815
1; 4; 66; 34646
1; 4; 67; 7237
1; 4; 68; 24180
1; 4; 69; 8202
1; 4; 70; 2191
1; 4; 71; 7371
1; 4; 72; 7357
1; 4; 73; 5176
1; 4; 74; 4740
1; 4; 75; 4798
1; 4; 76; 31279
1; 4; 77; 21276
1; 4; 78; 1745
1; 4; 79; 26064
1; 4; 80; 5636
1; 4; 81; 6289
1; 4; 82; 892
1; 4; 83; 6587
1; 4; 84; 4823
1; 4; 85; 6771
1; 4; 86; 28516
1; 4; 87; 15767
1; 4; 88; 4579
1; 4; 89; 361
1; 4; 90; 0
1; 4; 91; 0
2; 4; 1; 358
2; 4; 2; 1854
2; 4; 3; 2836
2; 4; 4; 28899
2; 4; 5; 7774
2; 4; 6; 32823
2; 4; 7; 4910
2; 4; 8; 6340
2; 4; 9; 34288
2; 4; 10; 32813
2; 4; 11; 22184
2; 4; 12; 16908
2; 4; 13; 16919
2; 4; 14; 30026
2; 4; 15; 5209
2; 4; 16; 4800
2; 4; 17; 33203
2; 4; 18; 317
2; 4; 19; 1774
2; 4; 20; 7359
2; 4; 21; 909
2; 4; 22; 21179
2; 4; 23; 969
2; 4; 24; 6129
2; 4; 25; 7373
2; 4; 26; 16960
2; 4; 27; 32560
2; 4; 28; 2091
2; 4; 29; 28825
2; 4; 30; 32889
2; 4; 31; 4767
2; 4; 32; 1903
2; 4; 33; 5239
2; 4; 34; 1601
2; 4; 35; 24078
2; 4; 36; 8030
2; 4; 37; 6887
2; 4; 38; 6888
2; 4; 39; 15760
2; 4; 40; 4752
2; 4; 41; 6224
2; 4; 42; 24162
2; 4; 43; 4957
2; 4; 44; 28125
2; 4; 45; 29250
2; 4; 46; 4945
2; 4; 47; 5175
2; 4; 48; 2334
2; 4; 49; 30968
2; 4; 50; 22342
2; 4; 51; 1728
2; 4; 52; 8410
2; 4; 53; 18
2; 4; 54; 3003
2; 4; 55; 4824
2; 4; 56; 4772
2; 4; 57; 5140
2; 4; 58; 5109
2; 4; 59; 19155
2; 4; 60; 5039
2; 4; 61; 1959
2; 4; 62; 5093
2; 4; 63; 21701
2; 4; 64; 25195
2; 4; 65; 21807
2; 4; 66; 20621
2; 4; 67; 33425
2; 4; 68; 5221
2; 4; 69; 6217
2; 4; 70; 1755
2; 4; 71; 6144
2; 4; 72; 5082
2; 4; 73; 4895
2; 4; 74; 338
2; 4; 75; 1751
2; 4; 76; 1760
2; 4; 77; 4994
2; 4; 78; 3205
2; 4; 79; 15458
2; 4; 80; 4780
2; 4; 81; 6925
2; 4; 82; 29266
2; 4; 83; 8368
2; 4; 84; 20231
2; 4; 85; 4949
2; 4; 86; 34458
2; 4; 87; 0
1; 5; 1; 25213
1; 5; 2; 22704
1; 5; 3; 24043
1; 5; 4; 20215
1; 5; 5; 4631
1; 5; 6; 2184
1; 5; 7; 31658
1; 5; 8; 30809
1; 5; 9; 2832
1; 5; 10; 19987
1; 5; 11; 5097
1; 5; 12; 8244
1; 5; 13; 7740
1; 5; 14; 1764
1; 5; 15; 2306
1; 5; 16; 4911
1; 5; 17; 32702
1; 5; 18; 31898
1; 5; 19; 7211
1; 5; 20; 24120
1; 5; 21; 7953
1; 5; 22; 5339
1; 5; 23; 17201
1; 5; 24; 2688
1; 5; 25; 0
1; 5; 26; 23728
1; 5; 27; 31661
1; 5; 28; 5232
1; 5; 29; 6395
1; 5; 30; 7308
1; 5; 31; 4775
1; 5; 32; 996
1; 5; 33; 34669
1; 5; 34; 34612
1; 5; 35; 7646
1; 5; 36; 835
1; 5; 37; 24047
1; 5; 38; 1246
1; 5; 39; 34504
1; 5; 40; 33162
1; 5; 41; 2939
1; 5; 42; 1273
1; 5; 43; 24294
1; 5; 44; 1068
1; 5; 45; 29204
1; 5; 46; 24322
1; 5; 47; 3295
1; 5; 48; 30657
1; 5; 49; 17439
1; 5; 50; 31047
1; 5; 51; 949
1; 5; 52; 948
1; 5; 53; 23795
1; 5; 54; 32876
1; 5; 55; 572
1; 5; 56; 33947
1; 5; 57; 573
1; 5; 58; 2188
1; 5; 59; 2757
1; 5; 60; 4896
1; 5; 61; 32559
1; 5; 62; 5011
1; 5; 63; 16607
1; 5; 64; 1826
1; 5; 65; 5861
1; 5; 66; 31548
1; 5; 67; 4934
1; 5; 68; 3292
1; 5; 69; 31663
1; 5; 70; 6168
1; 5; 71; 4884
1; 5; 72; 28819
1; 5; 73; 5017
1; 5; 74; 5006
1; 5; 75; 4753
1; 5; 76; 17095
1; 5; 77; 2314
1; 5; 78; 21335
1; 5; 79; 0
2; 5; 1; 7772
2; 5; 2; 4845
2; 5; 3; 2682
2; 5; 4; 20793
2; 5; 5; 1824
2; 5; 6; 4988
2; 5; 7; 4987
2; 5; 8; 7941
2; 5; 9; 16580
2; 5; 10; 4350
2; 5; 11; 5015
2; 5; 12; 15825
2; 5; 13; 7300
2; 5; 14; 5351
2; 5; 15; 4763
2; 5; 16; 26079
2; 5; 17; 1181
2; 5; 18; 8211
2; 5; 19; 5804
2; 5; 20; 5114
2; 5; 21; 29035
2; 5; 22; 5170
2; 5; 23; 5144
2; 5; 24; 4734
2; 5; 25; 33104
2; 5; 26; 27700
2; 5; 27; 7747
2; 5; 28; 811
2; 5; 29; 32168
2; 5; 30; 31156
2; 5; 31; 933
2; 5; 32; 24461
2; 5; 33; 30149
2; 5; 34; 6428
2; 5; 35; 8983
2; 5; 36; 4576
2; 5; 37; 24042
2; 5; 38; 26558
2; 5; 39; 1337
2; 5; 40; 17957
2; 5; 41; 6181
2; 5; 42; 30440
2; 5; 43; 27561
2; 5; 44; 19168
2; 5; 45; 7226
2; 5; 46; 658
2; 5; 47; 927
2; 5; 48; 962
2; 5; 49; 644
2; 5; 50; 940
2; 5; 51; 33839
2; 5; 52; 33003
2; 5; 53; 33953
2; 5; 54; 5576
2; 5; 55; 4953
2; 5; 56; 21839
2; 5; 57; 34331
2; 5; 58; 1526
2; 5; 59; 25505
2; 5; 60; 3115
2; 5; 61; 7040
2; 5; 62; 449
2; 5; 63; 7714
2; 5; 64; 7477
2; 5; 65; 34650
2; 5; 66; 7730
2; 5; 67; 32735
2; 5; 68; 26046
2; 5; 69; 22825
2; 5; 70; 1000
2; 5; 71; 22253
2; 5; 72; 24705
2; 5; 73; 1332
2; 5; 74; 934
2; 5; 75; 27137
2; 5; 76; 839
2; 5; 77; 7753
2; 5; 78; 1594
2; 5; 79; 34672
2; 5; 80; 875
2; 5; 81; 32538
2; 5; 82; 7365
2; 5; 83; 5053
2; 5; 84; 5215
2; 5; 85; 1212
2; 5; 86; 16575
2; 5; 87; 7492
2; 5; 88; 34582
2; 5; 89; 23810
2; 5; 90; 1585
2; 5; 91; 33666
2; 5; 92; 7617
2; 5; 93; 5542
2; 5; 94; 20690
2; 5; 95; 26241
2; 5; 96; 34762
2; 5; 97; 24021
2; 5; 98; 0
