1; 1; 1; 2836
1; 1; 2; 5056
1; 1; 3; 27613
1; 1; 4; 23728
1; 1; 5; 33666
1; 1; 6; 31663
1; 1; 7; 4851
1; 1; 8; 3349
1; 1; 9; 5048
1; 1; 10; 8319
1; 1; 11; 29266
1; 1; 12; 7211
1; 1; 13; 2539
1; 1; 14; 4879
1; 1; 15; 15940
1; 1; 16; 5339
1; 1; 17; 5189
1; 1; 18; 1663
1; 1; 19; 1824
1; 1; 20; 24120
1; 1; 21; 19377
1; 1; 22; 30152
1; 1; 23; 1739
1; 1; 24; 7541
1; 1; 25; 24125
1; 1; 26; 4816
1; 1; 27; 5146
1; 1; 28; 32285
1; 1; 29; 4970
1; 1; 30; 15760
1; 1; 31; 7104
1; 1; 32; 33686
1; 1; 33; 16575
1; 1; 34; 33236
1; 1; 35; 1594
1; 1; 36; 28495
1; 1; 37; 33346
1; 1; 38; 5221
1; 1; 39; 17262
1; 1; 40; 1995
1; 1; 41; 30875
1; 1; 42; 1895
1; 1; 43; 2306
1; 1; 44; 1764
1; 1; 45; 7740
1; 1; 46; 4804
1; 1; 47; 5239
1; 1; 48; 28125
1; 1; 49; 5190
1; 1; 50; 5170
1; 1; 51; 4981
1; 1; 52; 7161
1; 1; 53; 1181
1; 1; 54; 8410
1; 1; 55; 0
1; 1; 56; 15767
1; 1; 57; 7492
1; 1; 58; 32813
1; 1; 59; 4858
1; 1; 60; 661
1; 1; 61; 26414
1; 1; 62; 14930
1; 1; 63; 642
1; 1; 64; 935
1; 1; 65; 7505
1; 1; 66; 4487
1; 1; 67; 25341
1; 1; 68; 7430
1; 1; 69; 997
1; 1; 70; 5229
1; 1; 71; 8234
1; 1; 72; 15674
1; 1; 73; 27124
1; 1; 74; 25248
1; 1; 75; 8607
1; 1; 76; 25920
1; 1; 77; 1934
1; 1; 78; 4354
1; 1; 79; 23110
1; 1; 80; 7714
1; 1; 81; 1063
1; 1; 82; 23702
1; 1; 83; 6139
1; 1; 84; 4358
1; 1; 85; 32973
1; 1; 86; 2939
1; 1; 87; 933
1; 1; 88; 1268
1; 1; 89; 17541
1; 1; 90; 24046
1; 1; 91; 2511
1; 1; 92; 24042
1; 1; 93; 26558
1; 1; 94; 5296
1; 1; 95; 29399
1; 1; 96; 28367
1; 1; 97; 2840
1; 1; 98; 395
1; 1; 99; 30440
1; 1; 100; 5794
1; 1; 101; 23590
1; 1; 102; 24822
1; 1; 103; 1068
1; 1; 104; 3134
1; 1; 105; 1280
1; 1; 106; 22771
1; 1; 107; 21297
1; 1; 108; 6912
1; 1; 109; 30242
1; 1; 110; 836
1; 1; 111; 4779
1; 1; 112; 15945
1; 1; 113; 18887
1; 1; 114; 16673
1; 1; 115; 33002
1; 1; 116; 2241
1; 1; 117; 1336
1; 1; 118; 24705
1; 1; 119; 883
1; 1; 120; 4319
1; 1; 121; 21094
1; 1; 122; 1043
1; 1; 123; 701
1; 1; 124; 16759
1; 1; 125; 8131
1; 1; 126; 5882
1; 1; 127; 6828
1; 1; 128; 24118
1; 1; 129; 5037
1; 1; 130; 31267
1; 1; 131; 31658
1; 1; 132; 0
2; 1; 1; 363
2; 1; 2; 26515
2; 1; 3; 4825
2; 1; 4; 4986
2; 1; 5; 23810
2; 1; 6; 5215
2; 1; 7; 8418
2; 1; 8; 4994
2; 1; 9; 30968
2; 1; 10; 30710
2; 1; 11; 21276
2; 1; 12; 20621
2; 1; 13; 5142
2; 1; 14; 6603
2; 1; 15; 4934
2; 1; 16; 31898
2; 1; 17; 26079
2; 1; 18; 7953
2; 1; 19; 338
2; 1; 20; 8414
2; 1; 21; 5011
2; 1; 22; 29895
2; 1; 23; 1888
2; 1; 24; 30370
2; 1; 25; 1734
2; 1; 26; 2698
2; 1; 27; 5093
2; 1; 28; 4772
2; 1; 29; 5105
2; 1; 30; 15272
2; 1; 31; 8361
2; 1; 32; 6587
2; 1; 33; 30872
2; 1; 34; 32560
2; 1; 35; 887
2; 1; 36; 16960
2; 1; 37; 7359
2; 1; 38; 7372
2; 1; 39; 7371
2; 1; 40; 7791
2; 1; 41; 1213
2; 1; 42; 33781
2; 1; 43; 31608
2; 1; 44; 557
2; 1; 45; 2740
2; 1; 46; 562
2; 1; 47; 5682
2; 1; 48; 28061
2; 1; 49; 33947
2; 1; 50; 6955
2; 1; 51; 34646
2; 1; 52; 23726
2; 1; 53; 572
2; 1; 54; 32876
2; 1; 55; 853
2; 1; 56; 8497
2; 1; 57; 6360
2; 1; 58; 1312
2; 1; 59; 1506
2; 1; 60; 1603
2; 1; 61; 1246
2; 1; 62; 23106
2; 1; 63; 766
2; 1; 64; 751
2; 1; 65; 1083
2; 1; 66; 30365
2; 1; 67; 29885
2; 1; 68; 31156
2; 1; 69; 30825
2; 1; 70; 2714
2; 1; 71; 785
2; 1; 72; 2094
2; 1; 73; 28517
2; 1; 74; 32370
2; 1; 75; 577
2; 1; 76; 6064
2; 1; 77; 32386
2; 1; 78; 31136
2; 1; 79; 33162
2; 1; 80; 26070
2; 1; 81; 22253
2; 1; 82; 29975
2; 1; 83; 8971
2; 1; 84; 25908
2; 1; 85; 880
2; 1; 86; 8584
2; 1; 87; 17379
2; 1; 88; 20412
2; 1; 89; 7070
2; 1; 90; 7374
2; 1; 91; 8233
2; 1; 92; 1221
2; 1; 93; 7980
2; 1; 94; 34612
2; 1; 95; 812
2; 1; 96; 2741
2; 1; 97; 32694
2; 1; 98; 4234
2; 1; 99; 16132
2; 1; 100; 881
2; 1; 101; 4201
2; 1; 102; 29342
2; 1; 103; 1585
2; 1; 104; 26241
2; 1; 105; 34458
2; 1; 106; 18872
2; 1; 107; 4907
2; 1; 108; 31661
2; 1; 109; 21967
2; 1; 110; 4823
2; 1; 111; 3140
2; 1; 112; 0
1; 2; 1; 25188
1; 2; 2; 358
1; 2; 3; 22296
1; 2; 4; 4775
1; 2; 5; 28315
1; 2; 6; 5856
1; 2; 7; 33024
1; 2; 8; 5787
1; 2; 9; 4992
1; 2; 10; 29509
1; 2; 11; 5224
1; 2; 12; 6224
1; 2; 13; 5006
1; 2; 14; 4896
1; 2; 15; 4797
1; 2; 16; 26054
1; 2; 17; 1745
1; 2; 18; 18
1; 2; 19; 5004
1; 2; 20; 4875
1; 2; 21; 4969
1; 2; 22; 4780
1; 2; 23; 31679
1; 2; 24; 1728
1; 2; 25; 5166
1; 2; 26; 8141
1; 2; 27; 7308
1; 2; 28; 5009
1; 2; 29; 2621
1; 2; 30; 21701
1; 2; 31; 3046
1; 2; 32; 16697
1; 2; 33; 6144
1; 2; 34; 5082
1; 2; 35; 1875
1; 2; 36; 30238
1; 2; 37; 898
1; 2; 38; 5861
1; 2; 39; 5127
1; 2; 40; 4783
1; 2; 41; 32559
1; 2; 42; 34679
1; 2; 43; 6217
1; 2; 44; 5888
1; 2; 45; 5201
1; 2; 46; 4763
1; 2; 47; 28289
1; 2; 48; 4740
1; 2; 49; 19087
1; 2; 50; 5176
1; 2; 51; 5832
1; 2; 52; 5058
1; 2; 53; 5140
1; 2; 54; 2832
1; 2; 55; 33532
1; 2; 56; 27327
1; 2; 57; 19836
1; 2; 58; 4950
1; 2; 59; 32809
1; 2; 60; 5131
1; 2; 61; 4985
1; 2; 62; 32102
1; 2; 63; 4904
1; 2; 64; 5205
1; 2; 65; 795
1; 2; 66; 0
1; 2; 67; 2699
1; 2; 68; 22704
1; 2; 69; 24021
1; 2; 70; 4926
1; 2; 71; 1188
1; 2; 72; 22751
1; 2; 73; 30812
1; 2; 74; 25745
1; 2; 75; 32109
1; 2; 76; 1223
1; 2; 77; 29626
1; 2; 78; 808
1; 2; 79; 934
1; 2; 80; 1085
1; 2; 81; 508
1; 2; 82; 817
1; 2; 83; 26706
1; 2; 84; 20255
1; 2; 85; 18009
1; 2; 86; 204
1; 2; 87; 1211
1; 2; 88; 3322
1; 2; 89; 1228
1; 2; 90; 143
1; 2; 91; 15958
1; 2; 92; 1605
1; 2; 93; 3209
1; 2; 94; 30863
1; 2; 95; 16062
1; 2; 96; 24229
1; 2; 97; 17714
1; 2; 98; 121
1; 2; 99; 34611
1; 2; 100; 28985
1; 2; 101; 651
1; 2; 102; 5927
1; 2; 103; 32950
1; 2; 104; 21839
1; 2; 105; 17439
1; 2; 106; 597
1; 2; 107; 940
1; 2; 108; 24257
1; 2; 109; 981
1; 2; 110; 943
1; 2; 111; 32746
1; 2; 112; 941
1; 2; 113; 696
1; 2; 114; 945
1; 2; 115; 843
1; 2; 116; 24163
1; 2; 117; 3115
1; 2; 118; 24164
1; 2; 119; 948
1; 2; 120; 30814
1; 2; 121; 550
1; 2; 122; 449
1; 2; 123; 2188
1; 2; 124; 1517
1; 2; 125; 15631
1; 2; 126; 1720
1; 2; 127; 552
1; 2; 128; 1212
1; 2; 129; 6168
1; 2; 130; 0
2; 2; 1; 7772
2; 2; 2; 34762
2; 2; 3; 34582
2; 2; 4; 29175
2; 2; 5; 839
2; 2; 6; 34814
2; 2; 7; 23922
2; 2; 8; 930
2; 2; 9; 1069
2; 2; 10; 804
2; 2; 11; 6654
2; 2; 12; 34366
2; 2; 13; 28007
2; 2; 14; 34544
2; 2; 15; 4088
2; 2; 16; 17665
2; 2; 17; 16093
2; 2; 18; 1731
2; 2; 19; 7646
2; 2; 20; 34486
2; 2; 21; 697
2; 2; 22; 26190
2; 2; 23; 29893
2; 2; 24; 1254
2; 2; 25; 15265
2; 2; 26; 5036
2; 2; 27; 1924
2; 2; 28; 1041
2; 2; 29; 205
2; 2; 30; 29204
2; 2; 31; 25465
2; 2; 32; 20963
2; 2; 33; 31900
2; 2; 34; 3295
2; 2; 35; 1174
2; 2; 36; 574
2; 2; 37; 571
2; 2; 38; 7072
2; 2; 39; 32562
2; 2; 40; 34199
2; 2; 41; 25262
2; 2; 42; 7237
2; 2; 43; 1583
2; 2; 44; 19375
2; 2; 45; 2500
2; 2; 46; 30026
2; 2; 47; 361
2; 2; 48; 28516
2; 2; 49; 4749
2; 2; 50; 6010
2; 2; 51; 5204
2; 2; 52; 16580
2; 2; 53; 2100
2; 2; 54; 2682
2; 2; 55; 820
2; 2; 56; 4857
2; 2; 57; 5175
2; 2; 58; 19155
2; 2; 59; 5107
2; 2; 60; 5097
2; 2; 61; 5116
2; 2; 62; 32606
2; 2; 63; 5010
2; 2; 64; 5219
2; 2; 65; 1771
2; 2; 66; 30229
2; 2; 67; 5159
2; 2; 68; 33211
2; 2; 69; 26064
2; 2; 70; 31548
2; 2; 71; 4766
2; 2; 72; 34841
2; 2; 73; 6272
2; 2; 74; 6136
2; 2; 75; 17095
2; 2; 76; 4751
2; 2; 77; 19987
2; 2; 78; 6925
2; 2; 79; 34739
2; 2; 80; 2300
2; 2; 81; 1755
2; 2; 82; 2757
2; 2; 83; 6887
2; 2; 84; 32774
2; 2; 85; 28082
2; 2; 86; 22342
2; 2; 87; 576
2; 2; 88; 4748
2; 2; 89; 6289
2; 2; 90; 4974
2; 2; 91; 26836
2; 2; 92; 23596
2; 2; 93; 2688
2; 2; 94; 0
1; 3; 1; 21335
1; 3; 2; 8201
1; 3; 3; 7315
1; 3; 4; 7314
1; 3; 5; 6248
1; 3; 6; 622
1; 3; 7; 573
1; 3; 8; 7040
1; 3; 9; 31469
1; 3; 10; 7437
1; 3; 11; 584
1; 3; 12; 23155
1; 3; 13; 33206
1; 3; 14; 1067
1; 3; 15; 1017
1; 3; 16; 32300
1; 3; 17; 7706
1; 3; 18; 950
1; 3; 19; 8409
1; 3; 20; 24590
1; 3; 21; 949
1; 3; 22; 32985
1; 3; 23; 33740
1; 3; 24; 1005
1; 3; 25; 4721
1; 3; 26; 30186
1; 3; 27; 30352
1; 3; 28; 33003
1; 3; 29; 33839
1; 3; 30; 962
1; 3; 31; 29911
1; 3; 32; 24119
1; 3; 33; 23982
1; 3; 34; 8369
1; 3; 35; 5908
1; 3; 36; 4953
1; 3; 37; 19950
1; 3; 38; 33953
1; 3; 39; 993
1; 3; 40; 5576
1; 3; 41; 28987
1; 3; 42; 951
1; 3; 43; 890
1; 3; 44; 23876
1; 3; 45; 958
1; 3; 46; 2346
1; 3; 47; 8983
1; 3; 48; 6322
1; 3; 49; 7184
1; 3; 50; 4357
1; 3; 51; 1337
1; 3; 52; 4367
1; 3; 53; 28022
1; 3; 54; 15180
1; 3; 55; 1669
1; 3; 56; 31961
1; 3; 57; 8435
1; 3; 58; 30075
1; 3; 59; 4359
1; 3; 60; 6270
1; 3; 61; 24358
1; 3; 62; 1066
1; 3; 63; 5679
1; 3; 64; 31904
1; 3; 65; 2516
1; 3; 66; 18006
1; 3; 67; 24449
1; 3; 68; 1903
1; 3; 69; 20690
1; 3; 70; 33849
1; 3; 71; 19546
1; 3; 72; 4956
1; 3; 73; 6395
1; 3; 74; 5571
1; 3; 75; 4945
1; 3; 76; 6359
1; 3; 77; 7480
1; 3; 78; 17907
1; 3; 79; 15825
1; 3; 80; 19697
1; 3; 81; 5636
1; 3; 82; 4815
1; 3; 83; 875
1; 3; 84; 4579
1; 3; 85; 1854
1; 3; 86; 5788
1; 3; 87; 33425
1; 3; 88; 30969
1; 3; 89; 4750
1; 3; 90; 4910
1; 3; 91; 31661
1; 3; 92; 6340
1; 3; 93; 5111
1; 3; 94; 34878
1; 3; 95; 15458
1; 3; 96; 4753
1; 3; 97; 16607
1; 3; 98; 1826
1; 3; 99; 5351
1; 3; 100; 5015
1; 3; 101; 6809
1; 3; 102; 4957
1; 3; 103; 29032
1; 3; 104; 0
2; 3; 1; 22184
2; 3; 2; 3219
2; 3; 3; 114
2; 3; 4; 406
2; 3; 5; 28784
2; 3; 6; 6503
2; 3; 7; 4800
2; 3; 8; 4235
2; 3; 9; 4831
2; 3; 10; 20512
2; 3; 11; 31663
2; 3; 12; 2627
2; 3; 13; 1625
2; 3; 14; 4773
2; 3; 15; 8030
2; 3; 16; 4977
2; 3; 17; 4987
2; 3; 18; 2949
2; 3; 19; 892
2; 3; 20; 5139
2; 3; 21; 7747
2; 3; 22; 27700
2; 3; 23; 1040
2; 3; 24; 30824
2; 3; 25; 7424
2; 3; 26; 5473
2; 3; 27; 5970
2; 3; 28; 24882
2; 3; 29; 8188
2; 3; 30; 7709
2; 3; 31; 22483
2; 3; 32; 23890
2; 3; 33; 31441
2; 3; 34; 7137
2; 3; 35; 956
2; 3; 36; 835
2; 3; 37; 8269
2; 3; 38; 23037
2; 3; 39; 7979
2; 3; 40; 733
2; 3; 41; 850
2; 3; 42; 27137
2; 3; 43; 26862
2; 3; 44; 22147
2; 3; 45; 16326
2; 3; 46; 24044
2; 3; 47; 882
2; 3; 48; 26265
2; 3; 49; 15168
2; 3; 50; 8331
2; 3; 51; 33926
2; 3; 52; 1332
2; 3; 53; 1241
2; 3; 54; 20533
2; 3; 55; 868
2; 3; 56; 2483
2; 3; 57; 33954
2; 3; 58; 1269
2; 3; 59; 30089
2; 3; 60; 24461
2; 3; 61; 23391
2; 3; 62; 33840
2; 3; 63; 25584
2; 3; 64; 31507
2; 3; 65; 620
2; 3; 66; 32127
2; 3; 67; 30411
2; 3; 68; 5264
2; 3; 69; 7316
2; 3; 70; 30657
2; 3; 71; 7097
2; 3; 72; 30382
2; 3; 73; 936
2; 3; 74; 15911
2; 3; 75; 2456
2; 3; 76; 33104
2; 3; 77; 5152
2; 3; 78; 5109
2; 3; 79; 31658
2; 3; 80; 1602
2; 3; 81; 1334
2; 3; 82; 3357
2; 3; 83; 747
2; 3; 84; 7610
2; 3; 85; 33666
2; 3; 86; 8413
2; 3; 87; 5128
2; 3; 88; 6249
2; 3; 89; 32601
2; 3; 90; 5555
2; 3; 91; 25678
2; 3; 92; 5052
2; 3; 93; 5178
2; 3; 94; 28819
2; 3; 95; 4988
2; 3; 96; 29921
2; 3; 97; 3205
2; 3; 98; 28825
2; 3; 99; 28899
2; 3; 100; 0
1; 4; 1; 33236
1; 4; 2; 7814
1; 4; 3; 26248
1; 4; 4; 7373
1; 4; 5; 7359
1; 4; 6; 767
1; 4; 7; 33976
1; 4; 8; 25776
1; 4; 9; 8290
1; 4; 10; 538
1; 4; 11; 2212
1; 4; 12; 7730
1; 4; 13; 624
1; 4; 14; 7477
1; 4; 15; 34646
1; 4; 16; 1000
1; 4; 17; 34374
1; 4; 18; 141
1; 4; 19; 1007
1; 4; 20; 2652
1; 4; 21; 4337
1; 4; 22; 20844
1; 4; 23; 6181
1; 4; 24; 33951
1; 4; 25; 27561
1; 4; 26; 19441
1; 4; 27; 688
1; 4; 28; 1273
1; 4; 29; 891
1; 4; 30; 1268
1; 4; 31; 1084
1; 4; 32; 1246
1; 4; 33; 31156
1; 4; 34; 1335
1; 4; 35; 162
1; 4; 36; 1015
1; 4; 37; 7753
1; 4; 38; 31151
1; 4; 39; 27365
1; 4; 40; 30165
1; 4; 41; 1012
1; 4; 42; 32895
1; 4; 43; 18837
1; 4; 44; 33996
1; 4; 45; 20328
1; 4; 46; 8272
1; 4; 47; 2741
1; 4; 48; 7083
1; 4; 49; 21094
1; 4; 50; 27100
1; 4; 51; 18835
1; 4; 52; 27465
1; 4; 53; 26243
1; 4; 54; 29647
1; 4; 55; 996
1; 4; 56; 4878
1; 4; 57; 16908
1; 4; 58; 5209
1; 4; 59; 20215
1; 4; 60; 6315
1; 4; 61; 8368
1; 4; 62; 15487
1; 4; 63; 30528
1; 4; 64; 4955
1; 4; 65; 4991
1; 4; 66; 34121
1; 4; 67; 4752
1; 4; 68; 5050
1; 4; 69; 25100
1; 4; 70; 4755
1; 4; 71; 4903
1; 4; 72; 4838
1; 4; 73; 2306
1; 4; 74; 6888
1; 4; 75; 2316
1; 4; 76; 4350
1; 4; 77; 895
1; 4; 78; 7740
1; 4; 79; 4958
1; 4; 80; 26079
1; 4; 81; 29730
1; 4; 82; 4978
1; 4; 83; 24120
1; 4; 84; 1959
1; 4; 85; 23070
1; 4; 86; 4746
1; 4; 87; 4774
1; 4; 88; 4949
1; 4; 89; 4842
1; 4; 90; 2839
1; 4; 91; 34672
1; 4; 92; 32778
1; 4; 93; 1760
1; 4; 94; 7300
1; 4; 95; 1805
1; 4; 96; 5202
1; 4; 97; 8412
1; 4; 98; 4824
1; 4; 99; 2680
1; 4; 100; 19000
1; 4; 101; 24043
1; 4; 102; 0
1; 4; 103; 7774
1; 4; 104; 31461
1; 4; 105; 2353
1; 4; 106; 5055
1; 4; 107; 1772
1; 4; 108; 6865
1; 4; 109; 34910
1; 4; 110; 4844
1; 4; 111; 5126
1; 4; 112; 0
2; 4; 1; 5226
2; 4; 2; 4814
2; 4; 3; 1374
2; 4; 4; 603
2; 4; 5; 6587
2; 4; 6; 8365
2; 4; 7; 4829
2; 4; 8; 32823
2; 4; 9; 2184
2; 4; 10; 972
2; 4; 11; 1064
2; 4; 12; 34669
2; 4; 13; 23955
2; 4; 14; 23880
2; 4; 15; 8033
2; 4; 16; 7009
2; 4; 17; 1013
2; 4; 18; 1638
2; 4; 19; 24295
2; 4; 20; 5791
2; 4; 21; 30383
2; 4; 22; 24322
2; 4; 23; 20453
2; 4; 24; 26401
2; 4; 25; 32864
2; 4; 26; 1267
2; 4; 27; 3045
2; 4; 28; 1590
2; 4; 29; 8333
2; 4; 30; 23456
2; 4; 31; 4153
2; 4; 32; 18720
2; 4; 33; 33070
2; 4; 34; 17733
2; 4; 35; 6321
2; 4; 36; 6274
2; 4; 37; 29892
2; 4; 38; 6428
2; 4; 39; 21589
2; 4; 40; 32776
2; 4; 41; 8444
2; 4; 42; 9490
2; 4; 43; 846
2; 4; 44; 30758
2; 4; 45; 31047
2; 4; 46; 9016
2; 4; 47; 944
2; 4; 48; 952
2; 4; 49; 31905
2; 4; 50; 644
2; 4; 51; 23988
2; 4; 52; 18715
2; 4; 53; 31051
2; 4; 54; 2340
2; 4; 55; 15093
2; 4; 56; 28043
2; 4; 57; 34389
2; 4; 58; 32949
2; 4; 59; 5762
2; 4; 60; 5185
2; 4; 61; 34331
2; 4; 62; 1526
2; 4; 63; 25586
2; 4; 64; 32735
2; 4; 65; 22825
2; 4; 66; 23726
2; 4; 67; 15674
2; 4; 68; 2862
2; 4; 69; 526
2; 4; 70; 7618
2; 4; 71; 30815
2; 4; 72; 5303
2; 4; 73; 34593
2; 4; 74; 24528
2; 4; 75; 32946
2; 4; 76; 730
2; 4; 77; 32568
2; 4; 78; 6316
2; 4; 79; 24078
2; 4; 80; 7953
2; 4; 81; 31279
2; 4; 82; 32702
2; 4; 83; 1751
2; 4; 84; 5550
2; 4; 85; 8327
2; 4; 86; 1876
2; 4; 87; 5564
2; 4; 88; 31023
2; 4; 89; 21807
2; 4; 90; 17969
2; 4; 91; 5018
2; 4; 92; 20010
2; 4; 93; 5362
2; 4; 94; 1758
2; 4; 95; 34219
2; 4; 96; 4884
2; 4; 97; 1732
2; 4; 98; 17201
2; 4; 99; 122
2; 4; 100; 31020
2; 4; 101; 3223
2; 4; 102; 6498
2; 4; 103; 1726
2; 4; 104; 16919
2; 4; 105; 15074
2; 4; 106; 23728
2; 4; 107; 27965
2; 4; 108; 30730
2; 4; 109; 4734
2; 4; 110; 0
1; 5; 1; 4935
1; 5; 2; 3292
1; 5; 3; 5804
1; 5; 4; 8211
1; 5; 5; 4631
1; 5; 6; 31663
1; 5; 7; 325
1; 5; 8; 6286
1; 5; 9; 20793
1; 5; 10; 5049
1; 5; 11; 25969
1; 5; 12; 6147
1; 5; 13; 8244
1; 5; 14; 5012
1; 5; 15; 7308
1; 5; 16; 25860
1; 5; 17; 25195
1; 5; 18; 2314
1; 5; 19; 4911
1; 5; 20; 5407
1; 5; 21; 5929
1; 5; 22; 1727
1; 5; 23; 2707
1; 5; 24; 15142
1; 5; 25; 5017
1; 5; 26; 4763
1; 5; 27; 24162
1; 5; 28; 15426
1; 5; 29; 18
1; 5; 30; 2334
1; 5; 31; 29250
1; 5; 32; 5983
1; 5; 33; 4608
1; 5; 34; 1601
1; 5; 35; 30809
1; 5; 36; 20231
1; 5; 37; 7941
1; 5; 38; 0
1; 5; 39; 4782
1; 5; 40; 25213
1; 5; 41; 6771
1; 5; 42; 21343
1; 5; 43; 4845
1; 5; 44; 2091
1; 5; 45; 4852
1; 5; 46; 5542
1; 5; 47; 5232
1; 5; 48; 8202
1; 5; 49; 30375
1; 5; 50; 2259
1; 5; 51; 768
1; 5; 52; 6478
1; 5; 53; 783
1; 5; 54; 203
1; 5; 55; 205
1; 5; 56; 32711
1; 5; 57; 23160
1; 5; 58; 16661
1; 5; 59; 5297
1; 5; 60; 25543
1; 5; 61; 34343
1; 5; 62; 24330
1; 5; 63; 5773
1; 5; 64; 32261
1; 5; 65; 6378
1; 5; 66; 7226
1; 5; 67; 3197
1; 5; 68; 25704
1; 5; 69; 27158
1; 5; 70; 26317
1; 5; 71; 31025
1; 5; 72; 778
1; 5; 73; 29246
1; 5; 74; 23852
1; 5; 75; 1256
1; 5; 76; 24294
1; 5; 77; 34050
1; 5; 78; 2728
1; 5; 79; 33827
1; 5; 80; 1272
1; 5; 81; 33985
1; 5; 82; 20419
1; 5; 83; 851
1; 5; 84; 4618
1; 5; 85; 4736
1; 5; 86; 1230
1; 5; 87; 1599
1; 5; 88; 1179
1; 5; 89; 23621
1; 5; 90; 1018
1; 5; 91; 4454
1; 5; 92; 28198
1; 5; 93; 29744
1; 5; 94; 32096
1; 5; 95; 31588
1; 5; 96; 31801
1; 5; 97; 789
1; 5; 98; 34306
1; 5; 99; 23990
1; 5; 100; 960
1; 5; 101; 31152
1; 5; 102; 32109
1; 5; 103; 34424
1; 5; 104; 24389
1; 5; 105; 31323
1; 5; 106; 7646
1; 5; 107; 7694
1; 5; 108; 27692
1; 5; 109; 32168
1; 5; 110; 1522
1; 5; 111; 811
1; 5; 112; 30164
1; 5; 113; 1303
1; 5; 114; 18967
1; 5; 115; 34288
1; 5; 116; 32889
1; 5; 117; 7617
1; 5; 118; 5038
1; 5; 119; 1774
1; 5; 120; 32538
1; 5; 121; 5053
1; 5; 122; 31661
1; 5; 123; 8363
1; 5; 124; 34762
1; 5; 125; 0
2; 5; 1; 23795
2; 5; 2; 7011
2; 5; 3; 1155
2; 5; 4; 2188
2; 5; 5; 537
2; 5; 6; 1324
2; 5; 7; 33071
2; 5; 8; 23086
2; 5; 9; 19168
2; 5; 10; 17957
2; 5; 11; 31517
2; 5; 12; 3141
2; 5; 13; 21300
2; 5; 14; 5036
2; 5; 15; 1278
2; 5; 16; 29087
2; 5; 17; 7720
2; 5; 18; 3333
2; 5; 19; 33904
2; 5; 20; 6169
2; 5; 21; 34504
2; 5; 22; 1264
2; 5; 23; 25082
2; 5; 24; 1957
2; 5; 25; 256
2; 5; 26; 30149
2; 5; 27; 28007
2; 5; 28; 5793
2; 5; 29; 3348
2; 5; 30; 5063
2; 5; 31; 4767
2; 5; 32; 31658
2; 5; 33; 7309
2; 5; 34; 5114
2; 5; 35; 5729
2; 5; 36; 5005
2; 5; 37; 1407
2; 5; 38; 29035
2; 5; 39; 5144
2; 5; 40; 22171
2; 5; 41; 3003
2; 5; 42; 4796
2; 5; 43; 5141
2; 5; 44; 3018
2; 5; 45; 33666
2; 5; 46; 0
