1; 1; 1; 4579
1; 1; 2; 16919
1; 1; 3; 4825
1; 1; 4; 23596
1; 1; 5; 22704
1; 1; 6; 7492
1; 1; 7; 32813
1; 1; 8; 4926
1; 1; 9; 363
1; 1; 10; 32889
1; 1; 11; 2627
1; 1; 12; 5232
1; 1; 13; 24021
1; 1; 14; 33686
1; 1; 15; 6587
1; 1; 16; 8211
1; 1; 17; 15487
1; 1; 18; 1601
1; 1; 19; 24078
1; 1; 20; 1771
1; 1; 21; 1755
1; 1; 22; 2757
1; 1; 23; 1764
1; 1; 24; 19697
1; 1; 25; 5049
1; 1; 26; 24125
1; 1; 27; 898
1; 1; 28; 32285
1; 1; 29; 122
1; 1; 30; 30152
1; 1; 31; 8141
1; 1; 32; 5362
1; 1; 33; 6865
1; 1; 34; 4734
1; 1; 35; 25213
1; 1; 36; 1726
1; 1; 37; 29032
1; 1; 38; 0
1; 1; 39; 25920
1; 1; 40; 5303
1; 1; 41; 7618
1; 1; 42; 571
1; 1; 43; 5264
1; 1; 44; 33947
1; 1; 45; 6248
1; 1; 46; 7237
1; 1; 47; 573
1; 1; 48; 1324
1; 1; 49; 15674
1; 1; 50; 5185
1; 1; 51; 34389
1; 1; 52; 26373
1; 1; 53; 4328
1; 1; 54; 24042
1; 1; 55; 17714
1; 1; 56; 34343
1; 1; 57; 27561
1; 1; 58; 24330
1; 1; 59; 25704
1; 1; 60; 17733
1; 1; 61; 3209
1; 1; 62; 31025
1; 1; 63; 778
1; 1; 64; 851
1; 1; 65; 29839
1; 1; 66; 20963
1; 1; 67; 31900
1; 1; 68; 1254
1; 1; 69; 3134
1; 1; 70; 30089
1; 1; 71; 34504
1; 1; 72; 22147
1; 1; 73; 29893
1; 1; 74; 1268
1; 1; 75; 1506
1; 1; 76; 26190
1; 1; 77; 1246
1; 1; 78; 15945
1; 1; 79; 5793
1; 1; 80; 32973
1; 1; 81; 5679
1; 1; 82; 804
1; 1; 83; 26070
1; 1; 84; 33827
1; 1; 85; 27137
1; 1; 86; 1085
1; 1; 87; 30382
1; 1; 88; 29626
1; 1; 89; 808
1; 1; 90; 7097
1; 1; 91; 27365
1; 1; 92; 7646
1; 1; 93; 7009
1; 1; 94; 7694
1; 1; 95; 956
1; 1; 96; 7505
1; 1; 97; 31323
1; 1; 98; 4878
1; 1; 99; 5037
1; 1; 100; 33532
1; 1; 101; 7373
1; 1; 102; 887
1; 1; 103; 7365
1; 1; 104; 31658
1; 1; 105; 31663
1; 1; 106; 4852
1; 1; 107; 4857
1; 1; 108; 5097
1; 1; 109; 18
1; 1; 110; 4763
1; 1; 111; 32702
1; 1; 112; 4780
1; 1; 113; 4798
1; 1; 114; 28819
1; 1; 115; 4879
1; 1; 116; 32606
1; 1; 117; 5141
1; 1; 118; 32568
1; 1; 119; 4775
1; 1; 120; 31267
1; 1; 121; 5205
1; 1; 122; 0
2; 1; 1; 3223
2; 1; 2; 33346
2; 1; 3; 33236
2; 1; 4; 33849
2; 1; 5; 4815
2; 1; 6; 33666
2; 1; 7; 31461
2; 1; 8; 6888
2; 1; 9; 7740
2; 1; 10; 30229
2; 1; 11; 31679
2; 1; 12; 20010
2; 1; 13; 23728
2; 1; 14; 8418
2; 1; 15; 5159
2; 1; 16; 16697
2; 1; 17; 1751
2; 1; 18; 2697
2; 1; 19; 24162
2; 1; 20; 4884
2; 1; 21; 33211
2; 1; 22; 4838
2; 1; 23; 25969
2; 1; 24; 6147
2; 1; 25; 5004
2; 1; 26; 28289
2; 1; 27; 1959
2; 1; 28; 32559
2; 1; 29; 5082
2; 1; 30; 32601
2; 1; 31; 5407
2; 1; 32; 5201
2; 1; 33; 1015
2; 1; 34; 16132
2; 1; 35; 8188
2; 1; 36; 34612
2; 1; 37; 2456
2; 1; 38; 8131
2; 1; 39; 30165
2; 1; 40; 733
2; 1; 41; 1278
2; 1; 42; 2939
2; 1; 43; 2741
2; 1; 44; 20328
2; 1; 45; 24047
2; 1; 46; 34486
2; 1; 47; 1272
2; 1; 48; 8331
2; 1; 49; 22253
2; 1; 50; 31588
2; 1; 51; 25465
2; 1; 52; 8435
2; 1; 53; 23086
2; 1; 54; 6378
2; 1; 55; 33071
2; 1; 56; 6428
2; 1; 57; 2346
2; 1; 58; 29892
2; 1; 59; 1189
2; 1; 60; 4357
2; 1; 61; 15168
2; 1; 62; 205
2; 1; 63; 1280
2; 1; 64; 18006
2; 1; 65; 24461
2; 1; 66; 1066
2; 1; 67; 33985
2; 1; 68; 5791
2; 1; 69; 4358
2; 1; 70; 730
2; 1; 71; 32560
2; 1; 72; 21343
2; 1; 73; 20215
2; 1; 74; 6010
2; 1; 75; 7104
2; 1; 76; 5804
2; 1; 77; 8413
2; 1; 78; 4985
2; 1; 79; 28315
2; 1; 80; 4740
2; 1; 81; 31279
2; 1; 82; 5788
2; 1; 83; 4970
2; 1; 84; 5093
2; 1; 85; 28899
2; 1; 86; 32774
2; 1; 87; 32823
2; 1; 88; 31661
2; 1; 89; 5215
2; 1; 90; 0
1; 2; 1; 6498
1; 2; 2; 2500
1; 2; 3; 15074
1; 2; 4; 30730
1; 2; 5; 1374
1; 2; 6; 4986
1; 2; 7; 8365
1; 2; 8; 7617
1; 2; 9; 892
1; 2; 10; 4749
1; 2; 11; 5929
1; 2; 12; 4957
1; 2; 13; 5170
1; 2; 14; 26079
1; 2; 15; 4831
1; 2; 16; 5038
1; 2; 17; 4981
1; 2; 18; 4875
1; 2; 19; 7211
1; 2; 20; 6217
1; 2; 21; 7953
1; 2; 22; 4969
1; 2; 23; 7480
1; 2; 24; 15760
1; 2; 25; 5092
1; 2; 26; 1728
1; 2; 27; 15426
1; 2; 28; 26064
1; 2; 29; 4766
1; 2; 30; 1739
1; 2; 31; 8414
1; 2; 32; 7308
1; 2; 33; 28495
1; 2; 34; 2839
1; 2; 35; 34672
1; 2; 36; 0
1; 2; 37; 5139
1; 2; 38; 972
1; 2; 39; 33104
1; 2; 40; 30164
1; 2; 41; 8584
1; 2; 42; 34424
1; 2; 43; 32109
1; 2; 44; 7070
1; 2; 45; 16093
1; 2; 46; 21094
1; 2; 47; 883
1; 2; 48; 859
1; 2; 49; 6863
1; 2; 50; 6169
1; 2; 51; 31961
1; 2; 52; 20255
1; 2; 53; 1264
1; 2; 54; 1256
1; 2; 55; 28517
1; 2; 56; 4367
1; 2; 57; 30242
1; 2; 58; 20419
1; 2; 59; 4618
1; 2; 60; 30825
1; 2; 61; 697
1; 2; 62; 7374
1; 2; 63; 8269
1; 2; 64; 1065
1; 2; 65; 7747
1; 2; 66; 5882
1; 2; 67; 850
1; 2; 68; 934
1; 2; 69; 1223
1; 2; 70; 930
1; 2; 71; 33781
1; 2; 72; 1174
1; 2; 73; 1007
1; 2; 74; 141
1; 2; 75; 32876
1; 2; 76; 25776
1; 2; 77; 27124
1; 2; 78; 15631
1; 2; 79; 2259
1; 2; 80; 7011
1; 2; 81; 34650
1; 2; 82; 7730
1; 2; 83; 2740
1; 2; 84; 1934
1; 2; 85; 9016
1; 2; 86; 943
1; 2; 87; 15093
1; 2; 88; 19950
1; 2; 89; 33953
1; 2; 90; 993
1; 2; 91; 5576
1; 2; 92; 1200
1; 2; 93; 2524
1; 2; 94; 24119
1; 2; 95; 644
1; 2; 96; 18715
1; 2; 97; 1139
1; 2; 98; 3115
1; 2; 99; 24590
1; 2; 100; 25586
1; 2; 101; 19770
1; 2; 102; 538
1; 2; 103; 767
1; 2; 104; 2191
1; 2; 105; 8202
1; 2; 106; 30815
1; 2; 107; 23110
1; 2; 108; 572
1; 2; 109; 1213
1; 2; 110; 783
1; 2; 111; 30657
1; 2; 112; 16960
1; 2; 113; 26248
1; 2; 114; 24306
1; 2; 115; 7357
1; 2; 116; 32538
1; 2; 117; 30872
1; 2; 118; 4910
1; 2; 119; 2949
1; 2; 120; 5015
1; 2; 121; 15940
1; 2; 122; 6249
1; 2; 123; 2621
1; 2; 124; 33425
1; 2; 125; 31023
1; 2; 126; 5564
1; 2; 127; 1876
1; 2; 128; 30238
1; 2; 129; 4816
1; 2; 130; 5861
1; 2; 131; 19377
1; 2; 132; 0
2; 2; 1; 1594
2; 2; 2; 2688
2; 2; 3; 4829
2; 2; 4; 4823
2; 2; 5; 4949
2; 2; 6; 15911
2; 2; 7; 18837
2; 2; 8; 7979
2; 2; 9; 1247
2; 2; 10; 1211
2; 2; 11; 1312
2; 2; 12; 3295
2; 2; 13; 4881
2; 2; 14; 29973
2; 2; 15; 32746
2; 2; 16; 981
2; 2; 17; 25743
2; 2; 18; 23982
2; 2; 19; 952
2; 2; 20; 597
2; 2; 21; 809
2; 2; 22; 21064
2; 2; 23; 846
2; 2; 24; 5762
2; 2; 25; 30411
2; 2; 26; 34593
2; 2; 27; 32127
2; 2; 28; 24180
2; 2; 29; 2188
2; 2; 30; 6478
2; 2; 31; 6955
2; 2; 32; 4956
2; 2; 33; 1824
2; 2; 34; 5219
2; 2; 35; 5010
2; 2; 36; 8410
2; 2; 37; 6316
2; 2; 38; 4235
2; 2; 39; 27327
2; 2; 40; 5202
2; 2; 41; 4911
2; 2; 42; 20793
2; 2; 43; 4796
2; 2; 44; 1734
2; 2; 45; 4752
2; 2; 46; 24120
2; 2; 47; 1407
2; 2; 48; 28125
2; 2; 49; 5175
2; 2; 50; 5166
2; 2; 51; 34910
2; 2; 52; 6136
2; 2; 53; 6272
2; 2; 54; 19836
2; 2; 55; 795
2; 2; 56; 4631
2; 2; 57; 34762
2; 2; 58; 0
1; 3; 1; 4842
1; 3; 2; 4950
1; 3; 3; 2100
1; 3; 4; 33024
1; 3; 5; 2353
1; 3; 6; 5729
1; 3; 7; 5189
1; 3; 8; 8368
1; 3; 9; 1625
1; 3; 10; 5048
1; 3; 11; 2832
1; 3; 12; 15272
1; 3; 13; 20231
1; 3; 14; 31661
1; 3; 15; 4907
1; 3; 16; 6340
1; 3; 17; 8319
1; 3; 18; 34878
1; 3; 19; 5018
1; 3; 20; 22342
1; 3; 21; 3046
1; 3; 22; 21701
1; 3; 23; 25195
1; 3; 24; 32778
1; 3; 25; 1760
1; 3; 26; 25860
1; 3; 27; 7300
1; 3; 28; 1895
1; 3; 29; 5128
1; 3; 30; 4935
1; 3; 31; 24118
1; 3; 32; 839
1; 3; 33; 30812
1; 3; 34; 4801
1; 3; 35; 23070
1; 3; 36; 7541
1; 3; 37; 4903
1; 3; 38; 25678
1; 3; 39; 5017
1; 3; 40; 5006
1; 3; 41; 5109
1; 3; 42; 5144
1; 3; 43; 4772
1; 3; 44; 17907
1; 3; 45; 17095
1; 3; 46; 17969
1; 3; 47; 8244
1; 3; 48; 5005
1; 3; 49; 31469
1; 3; 50; 30375
1; 3; 51; 7477
1; 3; 52; 1017
1; 3; 53; 31188
1; 3; 54; 25248
1; 3; 55; 7040
1; 3; 56; 526
1; 3; 57; 1720
1; 3; 58; 23795
1; 3; 59; 33976
1; 3; 60; 23155
1; 3; 61; 34199
1; 3; 62; 9490
1; 3; 63; 32776
1; 3; 64; 21589
1; 3; 65; 651
1; 3; 66; 6322
1; 3; 67; 16062
1; 3; 68; 24229
1; 3; 69; 4359
1; 3; 70; 395
1; 3; 71; 23590
1; 3; 72; 33951
1; 3; 73; 30365
1; 3; 74; 33162
1; 3; 75; 1334
1; 3; 76; 1269
1; 3; 77; 688
1; 3; 78; 1590
1; 3; 79; 23106
1; 3; 80; 1638
1; 3; 81; 3330
1; 3; 82; 2241
1; 3; 83; 33002
1; 3; 84; 1336
1; 3; 85; 203
1; 3; 86; 34306
1; 3; 87; 22483
1; 3; 88; 1522
1; 3; 89; 30824
1; 3; 90; 3348
1; 3; 91; 406
1; 3; 92; 16908
1; 3; 93; 1212
1; 3; 94; 26515
1; 3; 95; 15767
1; 3; 96; 0
2; 3; 1; 4992
2; 3; 2; 29509
2; 3; 3; 32102
2; 3; 4; 20621
2; 3; 5; 5221
2; 3; 6; 21276
2; 3; 7; 4987
2; 3; 8; 26241
2; 3; 9; 20512
2; 3; 10; 2680
2; 3; 11; 31658
2; 3; 12; 4800
2; 3; 13; 19546
2; 3; 14; 5204
2; 3; 15; 4904
2; 3; 16; 4896
2; 3; 17; 1805
2; 3; 18; 34121
2; 3; 19; 5050
2; 3; 20; 4755
2; 3; 21; 16607
2; 3; 22; 5052
2; 3; 23; 4934
2; 3; 24; 34739
2; 3; 25; 15458
2; 3; 26; 5116
2; 3; 27; 19155
2; 3; 28; 29035
2; 3; 29; 6395
2; 3; 30; 603
2; 3; 31; 4845
2; 3; 32; 5682
2; 3; 33; 7714
2; 3; 34; 23391
2; 3; 35; 33840
2; 3; 36; 7430
2; 3; 37; 16326
2; 3; 38; 256
2; 3; 39; 24449
2; 3; 40; 3141
2; 3; 41; 30383
2; 3; 42; 22771
2; 3; 43; 24294
2; 3; 44; 29204
2; 3; 45; 32950
2; 3; 46; 31047
2; 3; 47; 942
2; 3; 48; 696
2; 3; 49; 24163
2; 3; 50; 843
2; 3; 51; 1566
2; 3; 52; 6094
2; 3; 53; 34331
2; 3; 54; 1526
2; 3; 55; 7706
2; 3; 56; 8409
2; 3; 57; 948
2; 3; 58; 7226
2; 3; 59; 28367
2; 3; 60; 30075
2; 3; 61; 6274
2; 3; 62; 19168
2; 3; 63; 32370
2; 3; 64; 32261
2; 3; 65; 30440
2; 3; 66; 20844
2; 3; 67; 6181
2; 3; 68; 25543
2; 3; 69; 23160
2; 3; 70; 23456
2; 3; 71; 6895
2; 3; 72; 15958
2; 3; 73; 7184
2; 3; 74; 24822
2; 3; 75; 24358
2; 3; 76; 785
2; 3; 77; 24044
2; 3; 78; 1267
2; 3; 79; 34050
2; 3; 80; 2728
2; 3; 81; 3357
2; 3; 82; 8497
2; 3; 83; 2516
2; 3; 84; 933
2; 3; 85; 3045
2; 3; 86; 30149
2; 3; 87; 5970
2; 3; 88; 8233
2; 3; 89; 7709
2; 3; 90; 17665
2; 3; 91; 27692
2; 3; 92; 23890
2; 3; 93; 24389
2; 3; 94; 23955
2; 3; 95; 747
2; 3; 96; 1378
2; 3; 97; 29647
2; 3; 98; 26243
2; 3; 99; 18835
2; 3; 100; 1303
2; 3; 101; 1040
2; 3; 102; 4234
2; 3; 103; 996
2; 3; 104; 19000
2; 3; 105; 31663
2; 3; 106; 6168
2; 3; 107; 27965
2; 3; 108; 28784
2; 3; 109; 26836
2; 3; 110; 6771
2; 3; 111; 30026
2; 3; 112; 114
2; 3; 113; 4782
2; 3; 114; 2699
2; 3; 115; 22184
2; 3; 116; 33666
2; 3; 117; 0
1; 4; 1; 30809
1; 4; 2; 1181
1; 4; 3; 6887
1; 4; 4; 1663
1; 4; 5; 31898
1; 4; 6; 1732
1; 4; 7; 4978
1; 4; 8; 6224
1; 4; 9; 5239
1; 4; 10; 5832
1; 4; 11; 5636
1; 4; 12; 5111
1; 4; 13; 4773
1; 4; 14; 7941
1; 4; 15; 5063
1; 4; 16; 4767
1; 4; 17; 23810
1; 4; 18; 6587
1; 4; 19; 2682
1; 4; 20; 3140
1; 4; 21; 2836
1; 4; 22; 7772
1; 4; 23; 0
1; 4; 24; 3219
1; 4; 25; 16575
1; 4; 26; 28516
1; 4; 27; 361
1; 4; 28; 1854
1; 4; 29; 3349
1; 4; 30; 4751
1; 4; 31; 4994
1; 4; 32; 34219
1; 4; 33; 5011
1; 4; 34; 31548
1; 4; 35; 5351
1; 4; 36; 5012
1; 4; 37; 4804
1; 4; 38; 5555
1; 4; 39; 21807
1; 4; 40; 1772
1; 4; 41; 18
1; 4; 42; 5055
1; 4; 43; 4824
1; 4; 44; 5126
1; 4; 45; 4524
1; 4; 46; 4337
1; 4; 47; 550
1; 4; 48; 584
1; 4; 49; 25262
1; 4; 50; 449
1; 4; 51; 7437
1; 4; 52; 24528
1; 4; 53; 8607
1; 4; 54; 32946
1; 4; 55; 4814
1; 4; 56; 29175
1; 4; 57; 6828
1; 4; 58; 1069
1; 4; 59; 1063
1; 4; 60; 3197
1; 4; 61; 30863
1; 4; 62; 26317
1; 4; 63; 5296
1; 4; 64; 8983
1; 4; 65; 5908
1; 4; 66; 4953
1; 4; 67; 28043
1; 4; 68; 8369
1; 4; 69; 32949
1; 4; 70; 945
1; 4; 71; 1640
1; 4; 72; 18716
1; 4; 73; 865
1; 4; 74; 30351
1; 4; 75; 34197
1; 4; 76; 30243
1; 4; 77; 34825
1; 4; 78; 31189
1; 4; 79; 941
1; 4; 80; 23862
1; 4; 81; 984
1; 4; 82; 950
1; 4; 83; 15674
1; 4; 84; 768
1; 4; 85; 34374
1; 4; 86; 7791
1; 4; 87; 23702
1; 4; 88; 853
1; 4; 89; 891
1; 4; 90; 31904
1; 4; 91; 2094
1; 4; 92; 1041
1; 4; 93; 204
1; 4; 94; 205
1; 4; 95; 1957
1; 4; 96; 25082
1; 4; 97; 31136
1; 4; 98; 23852
1; 4; 99; 2714
1; 4; 100; 1273
1; 4; 101; 33926
1; 4; 102; 1603
1; 4; 103; 4736
1; 4; 104; 1599
1; 4; 105; 1246
1; 4; 106; 8971
1; 4; 107; 1013
1; 4; 108; 935
1; 4; 109; 2741
1; 4; 110; 32694
1; 4; 111; 15180
1; 4; 112; 701
1; 4; 113; 7720
1; 4; 114; 7646
1; 4; 115; 8033
1; 4; 116; 23922
1; 4; 117; 31151
1; 4; 118; 1188
1; 4; 119; 34288
1; 4; 120; 33236
1; 4; 121; 0
2; 4; 1; 358
2; 4; 2; 24043
2; 4; 3; 7137
2; 4; 4; 835
2; 4; 5; 4088
2; 4; 6; 18967
2; 4; 7; 1221
2; 4; 8; 32895
2; 4; 9; 25341
2; 4; 10; 4487
2; 4; 11; 1043
2; 4; 12; 6260
2; 4; 13; 18887
2; 4; 14; 4779
2; 4; 15; 32711
2; 4; 16; 33070
2; 4; 17; 26401
2; 4; 18; 751
2; 4; 19; 6654
2; 4; 20; 21300
2; 4; 21; 882
2; 4; 22; 1068
2; 4; 23; 1268
2; 4; 24; 26862
2; 4; 25; 6360
2; 4; 26; 29839
2; 4; 27; 18009
2; 4; 28; 1337
2; 4; 29; 31833
2; 4; 30; 16067
2; 4; 31; 6270
2; 4; 32; 19441
2; 4; 33; 5794
2; 4; 34; 17957
2; 4; 35; 121
2; 4; 36; 34611
2; 4; 37; 927
2; 4; 38; 24164
2; 4; 39; 25505
2; 4; 40; 30758
2; 4; 41; 17439
2; 4; 42; 31905
2; 4; 43; 1005
2; 4; 44; 940
2; 4; 45; 24257
2; 4; 46; 32952
2; 4; 47; 964
2; 4; 48; 951
2; 4; 49; 21839
2; 4; 50; 949
2; 4; 51; 1583
2; 4; 52; 2862
2; 4; 53; 8201
2; 4; 54; 7315
2; 4; 55; 1067
2; 4; 56; 574
2; 4; 57; 997
2; 4; 58; 162
2; 4; 59; 881
2; 4; 60; 8363
2; 4; 61; 31020
2; 4; 62; 23728
2; 4; 63; 25188
2; 4; 64; 7774
2; 4; 65; 4774
2; 4; 66; 6503
2; 4; 67; 34458
2; 4; 68; 16580
2; 4; 69; 3018
2; 4; 70; 5114
2; 4; 71; 5107
2; 4; 72; 4955
2; 4; 73; 30370
2; 4; 74; 2707
2; 4; 75; 1727
2; 4; 76; 7740
2; 4; 77; 4991
2; 4; 78; 5176
2; 4; 79; 4608
2; 4; 80; 5571
2; 4; 81; 5058
2; 4; 82; 8412
2; 4; 83; 29250
2; 4; 84; 6925
2; 4; 85; 4763
2; 4; 86; 27613
2; 4; 87; 5056
2; 4; 88; 1758
2; 4; 89; 17201
2; 4; 90; 576
2; 4; 91; 30968
2; 4; 92; 1745
2; 4; 93; 2300
2; 4; 94; 31913
2; 4; 95; 5178
2; 4; 96; 5339
2; 4; 97; 4753
2; 4; 98; 4350
2; 4; 99; 3003
2; 4; 100; 34679
2; 4; 101; 2316
2; 4; 102; 29266
2; 4; 103; 5856
2; 4; 104; 18872
2; 4; 105; 1585
2; 4; 106; 34582
2; 4; 107; 0
1; 5; 1; 30969
1; 5; 2; 2698
1; 5; 3; 4797
1; 5; 4; 4977
1; 5; 5; 6289
1; 5; 6; 820
1; 5; 7; 2091
1; 5; 8; 6315
1; 5; 9; 4851
1; 5; 10; 32809
1; 5; 11; 28082
1; 5; 12; 4858
1; 5; 13; 7753
1; 5; 14; 27700
1; 5; 15; 4201
1; 5; 16; 22751
1; 5; 17; 1602
1; 5; 18; 1064
1; 5; 19; 25745
1; 5; 20; 7610
1; 5; 21; 27465
1; 5; 22; 25908
1; 5; 23; 23880
1; 5; 24; 5473
1; 5; 25; 960
1; 5; 26; 642
1; 5; 27; 817
1; 5; 28; 508
1; 5; 29; 33996
1; 5; 30; 1012
1; 5; 31; 811
1; 5; 32; 21094
1; 5; 33; 7133
1; 5; 34; 23990
1; 5; 35; 33904
1; 5; 36; 20412
1; 5; 37; 2483
1; 5; 38; 5792
1; 5; 39; 16673
1; 5; 40; 766
1; 5; 41; 32096
1; 5; 42; 31801
1; 5; 43; 1247
1; 5; 44; 29885
1; 5; 45; 1332
1; 5; 46; 24295
1; 5; 47; 26706
1; 5; 48; 1083
1; 5; 49; 20457
1; 5; 50; 24322
1; 5; 51; 29246
1; 5; 52; 1924
1; 5; 53; 33954
1; 5; 54; 17541
1; 5; 55; 6139
1; 5; 56; 15265
1; 5; 57; 1335
1; 5; 58; 31441
1; 5; 59; 23037
1; 5; 60; 32168
1; 5; 61; 880
1; 5; 62; 1669
1; 5; 63; 32109
1; 5; 64; 812
1; 5; 65; 1000
1; 5; 66; 4354
1; 5; 67; 622
1; 5; 68; 32735
1; 5; 69; 562
1; 5; 70; 32300
1; 5; 71; 34650
1; 5; 72; 7316
1; 5; 73; 537
1; 5; 74; 624
1; 5; 75; 22825
1; 5; 76; 1517
1; 5; 77; 7314
1; 5; 78; 620
1; 5; 79; 2191
1; 5; 80; 19473
1; 5; 81; 24306
1; 5; 82; 7357
1; 5; 83; 7372
1; 5; 84; 1774
1; 5; 85; 4746
1; 5; 86; 8361
1; 5; 87; 5190
1; 5; 88; 5105
1; 5; 89; 30528
1; 5; 90; 4945
1; 5; 91; 2334
1; 5; 92; 19087
1; 5; 93; 24120
1; 5; 94; 6809
1; 5; 95; 22171
1; 5; 96; 5224
1; 5; 97; 26079
1; 5; 98; 325
1; 5; 99; 8030
1; 5; 100; 1903
1; 5; 101; 31663
1; 5; 102; 7309
1; 5; 103; 21335
1; 5; 104; 0
1; 5; 105; 5209
1; 5; 106; 5226
1; 5; 107; 21967
1; 5; 108; 5542
1; 5; 109; 5131
1; 5; 110; 4974
1; 5; 111; 20690
1; 5; 112; 6286
1; 5; 113; 2314
1; 5; 114; 30710
1; 5; 115; 17262
1; 5; 116; 1888
1; 5; 117; 4958
1; 5; 118; 4844
1; 5; 119; 4783
1; 5; 120; 5550
1; 5; 121; 4895
1; 5; 122; 338
1; 5; 123; 8327
1; 5; 124; 1826
1; 5; 125; 5146
1; 5; 126; 5127
1; 5; 127; 15825
1; 5; 128; 7308
1; 5; 129; 4748
1; 5; 130; 5039
1; 5; 131; 6359
1; 5; 132; 5061
1; 5; 133; 5152
1; 5; 134; 5140
1; 5; 135; 5983
1; 5; 136; 19987
1; 5; 137; 29921
1; 5; 138; 0
2; 5; 1; 5053
2; 5; 2; 7161
2; 5; 3; 33666
2; 5; 4; 31661
2; 5; 5; 2188
2; 5; 6; 8290
2; 5; 7; 32864
2; 5; 8; 34366
2; 5; 9; 836
2; 5; 10; 24705
2; 5; 11; 1084
2; 5; 12; 29975
2; 5; 13; 1241
2; 5; 14; 789
2; 5; 15; 7083
2; 5; 16; 1731
2; 5; 17; 17379
2; 5; 18; 24882
2; 5; 19; 34669
2; 5; 20; 3205
2; 5; 21; 15142
2; 5; 22; 26054
2; 5; 23; 5009
2; 5; 24; 2539
2; 5; 25; 895
2; 5; 26; 5787
2; 5; 27; 29730
2; 5; 28; 6144
2; 5; 29; 1875
2; 5; 30; 5142
2; 5; 31; 25100
2; 5; 32; 7953
2; 5; 33; 2184
2; 5; 34; 3292
2; 5; 35; 34762
2; 5; 36; 31658
2; 5; 37; 0
