1; 1; 1; 1594
1; 1; 2; 31461
1; 1; 3; 30229
1; 1; 4; 1895
1; 1; 5; 5929
1; 1; 6; 5111
1; 1; 7; 4775
1; 1; 8; 620
1; 1; 9; 2259
1; 1; 10; 1517
1; 1; 11; 7315
1; 1; 12; 32735
1; 1; 13; 7477
1; 1; 14; 30411
1; 1; 15; 8290
1; 1; 16; 8201
1; 1; 17; 25920
1; 1; 18; 2188
1; 1; 19; 8202
1; 1; 20; 4358
1; 1; 21; 1334
1; 1; 22; 29839
1; 1; 23; 20453
1; 1; 24; 30089
1; 1; 25; 1255
1; 1; 26; 1267
1; 1; 27; 8331
1; 1; 28; 3045
1; 1; 29; 30149
1; 1; 30; 789
1; 1; 31; 20328
1; 1; 32; 2741
1; 1; 33; 18837
1; 1; 34; 930
1; 1; 35; 24882
1; 1; 36; 6828
1; 1; 37; 22751
1; 1; 38; 4201
1; 1; 39; 29342
1; 1; 40; 1064
1; 1; 41; 7747
1; 1; 42; 24118
1; 1; 43; 1188
1; 1; 44; 34288
1; 1; 45; 4823
1; 1; 46; 21967
1; 1; 47; 0
1; 1; 48; 1726
1; 1; 49; 3219
1; 1; 50; 30730
1; 1; 51; 23596
1; 1; 52; 33686
1; 1; 53; 32813
1; 1; 54; 5037
1; 1; 55; 747
1; 1; 56; 32109
1; 1; 57; 27100
1; 1; 58; 34424
1; 1; 59; 22483
1; 1; 60; 29087
1; 1; 61; 7374
1; 1; 62; 1522
1; 1; 63; 7709
1; 1; 64; 5473
1; 1; 65; 29647
1; 1; 66; 7610
1; 1; 67; 26243
1; 1; 68; 26414
1; 1; 69; 14930
1; 1; 70; 27465
1; 1; 71; 30157
1; 1; 72; 23955
1; 1; 73; 880
1; 1; 74; 642
1; 1; 75; 7070
1; 1; 76; 24047
1; 1; 77; 16093
1; 1; 78; 25908
1; 1; 79; 1903
1; 1; 80; 5131
1; 1; 81; 31661
1; 1; 82; 31658
1; 1; 83; 31663
1; 1; 84; 33532
1; 1; 85; 18872
1; 1; 86; 4235
1; 1; 87; 5048
1; 1; 88; 1601
1; 1; 89; 30528
1; 1; 90; 5983
1; 1; 91; 5239
1; 1; 92; 4945
1; 1; 93; 22342
1; 1; 94; 6865
1; 1; 95; 895
1; 1; 96; 15458
1; 1; 97; 6217
1; 1; 98; 31898
1; 1; 99; 5159
1; 1; 100; 21701
1; 1; 101; 25195
1; 1; 102; 29895
1; 1; 103; 25860
1; 1; 104; 30875
1; 1; 105; 5050
1; 1; 106; 25100
1; 1; 107; 5201
1; 1; 108; 4780
1; 1; 109; 5888
1; 1; 110; 6136
1; 1; 111; 8414
1; 1; 112; 1751
1; 1; 113; 24125
1; 1; 114; 5052
1; 1; 115; 6147
1; 1; 116; 4875
1; 1; 117; 5832
1; 1; 118; 5058
1; 1; 119; 4608
1; 1; 120; 33666
1; 1; 121; 0
2; 1; 1; 2839
2; 1; 2; 3223
2; 1; 3; 6395
2; 1; 4; 5105
2; 1; 5; 5190
2; 1; 6; 5109
2; 1; 7; 2334
2; 1; 8; 576
2; 1; 9; 4904
2; 1; 10; 4896
2; 1; 11; 15142
2; 1; 12; 7480
2; 1; 13; 32778
2; 1; 14; 26054
2; 1; 15; 5224
2; 1; 16; 8410
2; 1; 17; 1760
2; 1; 18; 4934
2; 1; 19; 122
2; 1; 20; 4970
2; 1; 21; 5564
2; 1; 22; 4755
2; 1; 23; 1739
2; 1; 24; 6888
2; 1; 25; 30370
2; 1; 26; 4763
2; 1; 27; 4981
2; 1; 28; 8361
2; 1; 29; 5232
2; 1; 30; 34909
2; 1; 31; 919
2; 1; 32; 811
2; 1; 33; 1013
2; 1; 34; 8188
2; 1; 35; 32168
2; 1; 36; 7009
2; 1; 37; 960
2; 1; 38; 8584
2; 1; 39; 33996
2; 1; 40; 17379
2; 1; 41; 23037
2; 1; 42; 33827
2; 1; 43; 697
2; 1; 44; 26862
2; 1; 45; 1211
2; 1; 46; 15945
2; 1; 47; 1084
2; 1; 48; 23106
2; 1; 49; 1247
2; 1; 50; 2939
2; 1; 51; 1273
2; 1; 52; 34504
2; 1; 53; 751
2; 1; 54; 997
2; 1; 55; 30657
2; 1; 56; 16661
2; 1; 57; 4318
2; 1; 58; 24330
2; 1; 59; 23590
2; 1; 60; 27561
2; 1; 61; 29398
2; 1; 62; 6274
2; 1; 63; 16062
2; 1; 64; 26317
2; 1; 65; 24822
2; 1; 66; 27158
2; 1; 67; 6428
2; 1; 68; 2346
2; 1; 69; 34611
2; 1; 70; 31833
2; 1; 71; 882
2; 1; 72; 778
2; 1; 73; 3141
2; 1; 74; 15168
2; 1; 75; 28517
2; 1; 76; 203
2; 1; 77; 25465
2; 1; 78; 5679
2; 1; 79; 24046
2; 1; 80; 32864
2; 1; 81; 1000
2; 1; 82; 33206
2; 1; 83; 23795
2; 1; 84; 26046
2; 1; 85; 23110
2; 1; 86; 584
2; 1; 87; 32300
2; 1; 88; 34593
2; 1; 89; 562
2; 1; 90; 449
2; 1; 91; 7314
2; 1; 92; 1017
2; 1; 93; 31469
2; 1; 94; 8607
2; 1; 95; 30872
2; 1; 96; 6340
2; 1; 97; 8365
2; 1; 98; 0
1; 2; 1; 21807
1; 2; 2; 31023
1; 2; 3; 33425
1; 2; 4; 5362
1; 2; 5; 18
1; 2; 6; 5097
1; 2; 7; 19377
1; 2; 8; 8030
1; 2; 9; 3018
1; 2; 10; 19836
1; 2; 11; 4774
1; 2; 12; 4950
1; 2; 13; 5170
1; 2; 14; 5061
1; 2; 15; 5144
1; 2; 16; 28125
1; 2; 17; 22171
1; 2; 18; 34878
1; 2; 19; 34219
1; 2; 20; 6603
1; 2; 21; 1826
1; 2; 22; 875
1; 2; 23; 32538
1; 2; 24; 19473
1; 2; 25; 30375
1; 2; 26; 1720
1; 2; 27; 7437
1; 2; 28; 30815
1; 2; 29; 2862
1; 2; 30; 32876
1; 2; 31; 25262
1; 2; 32; 624
1; 2; 33; 34650
1; 2; 34; 23726
1; 2; 35; 1174
1; 2; 36; 23391
1; 2; 37; 7430
1; 2; 38; 24358
1; 2; 39; 1066
1; 2; 40; 17541
1; 2; 41; 1264
1; 2; 42; 1280
1; 2; 43; 3357
1; 2; 44; 15265
1; 2; 45; 26070
1; 2; 46; 24295
1; 2; 47; 891
1; 2; 48; 785
1; 2; 49; 21297
1; 2; 50; 1924
1; 2; 51; 1068
1; 2; 52; 205
1; 2; 53; 6912
1; 2; 54; 18009
1; 2; 55; 31904
1; 2; 56; 2516
1; 2; 57; 1278
1; 2; 58; 31156
1; 2; 59; 26401
1; 2; 60; 26190
1; 2; 61; 4779
1; 2; 62; 16673
1; 2; 63; 1638
1; 2; 64; 868
1; 2; 65; 1336
1; 2; 66; 22253
1; 2; 67; 31588
1; 2; 68; 1246
1; 2; 69; 4618
1; 2; 70; 34366
1; 2; 71; 5553
1; 2; 72; 23456
1; 2; 73; 28702
1; 2; 74; 5344
1; 2; 75; 23160
1; 2; 76; 33951
1; 2; 77; 8435
1; 2; 78; 30075
1; 2; 79; 3197
1; 2; 80; 23086
1; 2; 81; 3209
1; 2; 82; 6181
1; 2; 83; 17733
1; 2; 84; 1605
1; 2; 85; 15958
1; 2; 86; 32711
1; 2; 87; 8497
1; 2; 88; 32895
1; 2; 89; 5970
1; 2; 90; 8269
1; 2; 91; 23890
1; 2; 92; 7646
1; 2; 93; 812
1; 2; 94; 701
1; 2; 95; 20412
1; 2; 96; 935
1; 2; 97; 15180
1; 2; 98; 16759
1; 2; 99; 1040
1; 2; 100; 25745
1; 2; 101; 5804
1; 2; 102; 2682
1; 2; 103; 20690
1; 2; 104; 34672
1; 2; 105; 28495
1; 2; 106; 0
1; 2; 107; 892
1; 2; 108; 34762
1; 2; 109; 24120
1; 2; 110; 4978
1; 2; 111; 6887
1; 2; 112; 3003
1; 2; 113; 1771
1; 2; 114; 29921
1; 2; 115; 5049
1; 2; 116; 4838
1; 2; 117; 7308
1; 2; 118; 4804
1; 2; 119; 1755
1; 2; 120; 1734
1; 2; 121; 15940
1; 2; 122; 0
2; 2; 1; 363
2; 2; 2; 21335
2; 2; 3; 4842
2; 2; 4; 33346
2; 2; 5; 7309
2; 2; 6; 8413
2; 2; 7; 4956
2; 2; 8; 1181
2; 2; 9; 8412
2; 2; 10; 5140
2; 2; 11; 23070
2; 2; 12; 29266
2; 2; 13; 1772
2; 2; 14; 5092
2; 2; 15; 34910
2; 2; 16; 1732
2; 2; 17; 6224
2; 2; 18; 4884
2; 2; 19; 2316
2; 2; 20; 26079
2; 2; 21; 7740
2; 2; 22; 1764
2; 2; 23; 2539
2; 2; 24; 16607
2; 2; 25; 4895
2; 2; 26; 338
2; 2; 27; 1876
2; 2; 28; 5142
2; 2; 29; 31913
2; 2; 30; 2314
2; 2; 31; 5788
2; 2; 32; 21276
2; 2; 33; 32606
2; 2; 34; 17262
2; 2; 35; 5093
2; 2; 36; 7300
2; 2; 37; 33211
2; 2; 38; 1625
2; 2; 39; 8368
2; 2; 40; 5542
2; 2; 41; 23810
2; 2; 42; 7941
2; 2; 43; 4773
2; 2; 44; 5856
2; 2; 45; 5729
2; 2; 46; 34739
2; 2; 47; 6809
2; 2; 48; 28289
2; 2; 49; 4992
2; 2; 50; 6286
2; 2; 51; 1727
2; 2; 52; 4796
2; 2; 53; 7953
2; 2; 54; 2757
2; 2; 55; 32102
2; 2; 56; 15426
2; 2; 57; 1824
2; 2; 58; 5010
2; 2; 59; 29730
2; 2; 60; 4844
2; 2; 61; 29035
2; 2; 62; 4824
2; 2; 63; 7161
2; 2; 64; 31020
2; 2; 65; 6587
2; 2; 66; 7492
2; 2; 67; 22704
2; 2; 68; 4579
2; 2; 69; 33236
2; 2; 70; 23728
2; 2; 71; 2949
2; 2; 72; 907
2; 2; 73; 908
2; 2; 74; 27189
2; 2; 75; 7373
2; 2; 76; 16960
2; 2; 77; 7355
2; 2; 78; 7357
2; 2; 79; 24306
2; 2; 80; 909
2; 2; 81; 21179
2; 2; 82; 969
2; 2; 83; 6129
2; 2; 84; 887
2; 2; 85; 7359
2; 2; 86; 26248
2; 2; 87; 32560
2; 2; 88; 1585
2; 2; 89; 4851
2; 2; 90; 28899
2; 2; 91; 5226
2; 2; 92; 24021
2; 2; 93; 795
2; 2; 94; 5053
2; 2; 95; 0
1; 3; 1; 15074
1; 3; 2; 29032
1; 3; 3; 16575
1; 3; 4; 5209
1; 3; 5; 31661
1; 3; 6; 5215
1; 3; 7; 1374
1; 3; 8; 6289
1; 3; 9; 1805
1; 3; 10; 32559
1; 3; 11; 32285
1; 3; 12; 4977
1; 3; 13; 4987
1; 3; 14; 34458
1; 3; 15; 767
1; 3; 16; 32562
1; 3; 17; 5303
1; 3; 18; 8234
1; 3; 19; 7316
1; 3; 20; 6248
1; 3; 21; 33947
1; 3; 22; 33976
1; 3; 23; 6478
1; 3; 24; 7714
1; 3; 25; 768
1; 3; 26; 6955
1; 3; 27; 572
1; 3; 28; 23155
1; 3; 29; 7706
1; 3; 30; 32950
1; 3; 31; 4881
1; 3; 32; 23862
1; 3; 33; 949
1; 3; 34; 8409
1; 3; 35; 846
1; 3; 36; 3115
1; 3; 37; 17439
1; 3; 38; 597
1; 3; 39; 944
1; 3; 40; 4721
1; 3; 41; 940
1; 3; 42; 23988
1; 3; 43; 24119
1; 3; 44; 33740
1; 3; 45; 32952
1; 3; 46; 5908
1; 3; 47; 943
1; 3; 48; 2340
1; 3; 49; 993
1; 3; 50; 28043
1; 3; 51; 6322
1; 3; 52; 17957
1; 3; 53; 24042
1; 3; 54; 4359
1; 3; 55; 32370
1; 3; 56; 32261
1; 3; 57; 577
1; 3; 58; 6064
1; 3; 59; 5794
1; 3; 60; 6270
1; 3; 61; 25543
1; 3; 62; 33070
1; 3; 63; 4153
1; 3; 64; 33954
1; 3; 65; 2094
1; 3; 66; 22771
1; 3; 67; 30383
1; 3; 68; 24449
1; 3; 69; 204
1; 3; 70; 256
1; 3; 71; 1083
1; 3; 72; 24461
1; 3; 73; 33985
1; 3; 74; 5791
1; 3; 75; 18006
1; 3; 76; 933
1; 3; 77; 836
1; 3; 78; 33926
1; 3; 79; 31961
1; 3; 80; 4337
1; 3; 81; 1213
1; 3; 82; 808
1; 3; 83; 27137
1; 3; 84; 733
1; 3; 85; 27365
1; 3; 86; 1221
1; 3; 87; 8131
1; 3; 88; 25341
1; 3; 89; 835
1; 3; 90; 956
1; 3; 91; 32694
1; 3; 92; 7694
1; 3; 93; 17665
1; 3; 94; 1378
1; 3; 95; 27692
1; 3; 96; 7505
1; 3; 97; 34669
1; 3; 98; 881
1; 3; 99; 1015
1; 3; 100; 661
1; 3; 101; 4858
1; 3; 102; 4878
1; 3; 103; 33666
1; 3; 104; 0
2; 3; 1; 358
2; 3; 2; 2688
2; 3; 3; 7772
2; 3; 4; 5038
2; 3; 5; 820
2; 3; 6; 5114
2; 3; 7; 4749
2; 3; 8; 32809
2; 3; 9; 4852
2; 3; 10; 32823
2; 3; 11; 31663
2; 3; 12; 20512
2; 3; 13; 33849
2; 3; 14; 6010
2; 3; 15; 7104
2; 3; 16; 19546
2; 3; 17; 30809
2; 3; 18; 22296
2; 3; 19; 6316
2; 3; 20; 33024
2; 3; 21; 5175
2; 3; 22; 5107
2; 3; 23; 5571
2; 3; 24; 4988
2; 3; 25; 25969
2; 3; 26; 5219
2; 3; 27; 6249
2; 3; 28; 2698
2; 3; 29; 30969
2; 3; 30; 1663
2; 3; 31; 5636
2; 3; 32; 5005
2; 3; 33; 4748
2; 3; 34; 1758
2; 3; 35; 4740
2; 3; 36; 5056
2; 3; 37; 32702
2; 3; 38; 5339
2; 3; 39; 4879
2; 3; 40; 4958
2; 3; 41; 5407
2; 3; 42; 1728
2; 3; 43; 8244
2; 3; 44; 4991
2; 3; 45; 5176
2; 3; 46; 5012
2; 3; 47; 2697
2; 3; 48; 5861
2; 3; 49; 8327
2; 3; 50; 6144
2; 3; 51; 6272
2; 3; 52; 5011
2; 3; 53; 30238
2; 3; 54; 34841
2; 3; 55; 5550
2; 3; 56; 4783
2; 3; 57; 5017
2; 3; 58; 24162
2; 3; 59; 5018
2; 3; 60; 4957
2; 3; 61; 29250
2; 3; 62; 4772
2; 3; 63; 4955
2; 3; 64; 4985
2; 3; 65; 16580
2; 3; 66; 2184
2; 3; 67; 4935
2; 3; 68; 4910
2; 3; 69; 32889
2; 3; 70; 4911
2; 3; 71; 30710
2; 3; 72; 25213
2; 3; 73; 26836
2; 3; 74; 4974
2; 3; 75; 2500
2; 3; 76; 16919
2; 3; 77; 28784
2; 3; 78; 114
2; 3; 79; 1212
2; 3; 80; 31658
2; 3; 81; 31267
2; 3; 82; 4949
2; 3; 83; 22184
2; 3; 84; 27965
2; 3; 85; 29175
2; 3; 86; 34814
2; 3; 87; 936
2; 3; 88; 1065
2; 3; 89; 30812
2; 3; 90; 7137
2; 3; 91; 31441
2; 3; 92; 29893
2; 3; 93; 1957
2; 3; 94; 26265
2; 3; 95; 1590
2; 3; 96; 31900
2; 3; 97; 844
2; 3; 98; 3308
2; 3; 99; 31183
2; 3; 100; 19000
2; 3; 101; 34582
2; 3; 102; 2100
2; 3; 103; 4801
2; 3; 104; 8319
2; 3; 105; 5080
2; 3; 106; 4815
2; 3; 107; 7617
2; 3; 108; 0
1; 4; 1; 2832
1; 4; 2; 5787
1; 4; 3; 17201
1; 4; 4; 25678
1; 4; 5; 19697
1; 4; 6; 1888
1; 4; 7; 4903
1; 4; 8; 26064
1; 4; 9; 27613
1; 4; 10; 5004
1; 4; 11; 5055
1; 4; 12; 5063
1; 4; 13; 1303
1; 4; 14; 23990
1; 4; 15; 4088
1; 4; 16; 766
1; 4; 17; 24705
1; 4; 18; 21300
1; 4; 19; 22147
1; 4; 20; 29839
1; 4; 21; 658
1; 4; 22; 5762
1; 4; 23; 1526
1; 4; 24; 5185
1; 4; 25; 24164
1; 4; 26; 962
1; 4; 27; 810
1; 4; 28; 21064
1; 4; 29; 945
1; 4; 30; 843
1; 4; 31; 24528
1; 4; 32; 15631
1; 4; 33; 1324
1; 4; 34; 25776
1; 4; 35; 30814
1; 4; 36; 538
1; 4; 37; 34199
1; 4; 38; 5682
1; 4; 39; 26046
1; 4; 40; 7730
1; 4; 41; 31188
1; 4; 42; 2740
1; 4; 43; 31483
1; 4; 44; 1332
1; 4; 45; 30825
1; 4; 46; 20419
1; 4; 47; 2714
1; 4; 48; 4367
1; 4; 49; 24322
1; 4; 50; 395
1; 4; 51; 16067
1; 4; 52; 34343
1; 4; 53; 30440
1; 4; 54; 19441
1; 4; 55; 1337
1; 4; 56; 16326
1; 4; 57; 1269
1; 4; 58; 20963
1; 4; 59; 32973
1; 4; 60; 6654
1; 4; 61; 1335
1; 4; 62; 1247
1; 4; 63; 5792
1; 4; 64; 33002
1; 4; 65; 32096
1; 4; 66; 1018
1; 4; 67; 1230
1; 4; 68; 8971
1; 4; 69; 33904
1; 4; 70; 7133
1; 4; 71; 34306
1; 4; 72; 8272
1; 4; 73; 32109
1; 4; 74; 1669
1; 4; 75; 31323
1; 4; 76; 34612
1; 4; 77; 7424
1; 4; 78; 31152
1; 4; 79; 7980
1; 4; 80; 1602
1; 4; 81; 2456
1; 4; 82; 5882
1; 4; 83; 7097
1; 4; 84; 162
1; 4; 85; 934
1; 4; 86; 29626
1; 4; 87; 7370
1; 4; 88; 7372
1; 4; 89; 7365
1; 4; 90; 1774
1; 4; 91; 730
1; 4; 92; 4631
1; 4; 93; 4986
1; 4; 94; 0
1; 4; 95; 2627
1; 4; 96; 6315
1; 4; 97; 4845
1; 4; 98; 27327
1; 4; 99; 4767
1; 4; 100; 6503
1; 4; 101; 4829
1; 4; 102; 5205
1; 4; 103; 0
2; 4; 1; 25188
2; 4; 2; 1995
2; 4; 3; 898
2; 4; 4; 5127
2; 4; 5; 8141
2; 4; 6; 2621
2; 4; 7; 5189
2; 4; 8; 5015
2; 4; 9; 4763
2; 4; 10; 5116
2; 4; 11; 5152
2; 4; 12; 5126
2; 4; 13; 28315
2; 4; 14; 26241
2; 4; 15; 1043
2; 4; 16; 817
2; 4; 17; 4487
2; 4; 18; 8033
2; 4; 19; 1312
2; 4; 20; 1506
2; 4; 21; 2188
2; 4; 22; 526
2; 4; 23; 7618
2; 4; 24; 2652
2; 4; 25; 2741
2; 4; 26; 34486
2; 4; 27; 7720
2; 4; 28; 24389
2; 4; 29; 883
2; 4; 30; 20255
2; 4; 31; 6360
2; 4; 32; 30365
2; 4; 33; 3134
2; 4; 34; 1255
2; 4; 35; 1603
2; 4; 36; 17714
2; 4; 37; 30863
2; 4; 38; 7226
2; 4; 39; 9490
2; 4; 40; 644
2; 4; 41; 23982
2; 4; 42; 4340
2; 4; 43; 24257
2; 4; 44; 1200
2; 4; 45; 5576
2; 4; 46; 8369
2; 4; 47; 33003
2; 4; 48; 33839
2; 4; 49; 952
2; 4; 50; 941
2; 4; 51; 696
2; 4; 52; 31905
2; 4; 53; 1583
2; 4; 54; 32127
2; 4; 55; 7040
2; 4; 56; 7237
2; 4; 57; 5264
2; 4; 58; 1934
2; 4; 59; 6498
2; 4; 60; 4825
2; 4; 61; 24043
2; 4; 62; 406
2; 4; 63; 0
1; 5; 1; 2836
1; 5; 2; 1854
1; 5; 3; 5202
1; 5; 4; 19987
1; 5; 5; 17969
1; 5; 6; 18
1; 5; 7; 5006
1; 5; 8; 6359
1; 5; 9; 15487
1; 5; 10; 24078
1; 5; 11; 4751
1; 5; 12; 325
1; 5; 13; 5141
1; 5; 14; 32568
1; 5; 15; 4524
1; 5; 16; 28061
1; 5; 17; 2212
1; 5; 18; 5229
1; 5; 19; 1007
1; 5; 20; 33071
1; 5; 21; 2511
1; 5; 22; 26558
1; 5; 23; 7184
1; 5; 24; 19168
1; 5; 25; 20844
1; 5; 26; 18720
1; 5; 27; 3322
1; 5; 28; 25082
1; 5; 29; 205
1; 5; 30; 1041
1; 5; 31; 23852
1; 5; 32; 2728
1; 5; 33; 851
1; 5; 34; 29885
1; 5; 35; 31156
1; 5; 36; 1272
1; 5; 37; 1241
1; 5; 38; 972
1; 5; 39; 27700
1; 5; 40; 839
1; 5; 41; 3348
1; 5; 42; 23922
1; 5; 43; 30382
1; 5; 44; 1085
1; 5; 45; 7355
1; 5; 46; 7357
1; 5; 47; 7371
1; 5; 48; 24306
1; 5; 49; 7359
1; 5; 50; 5204
1; 5; 51; 4831
1; 5; 52; 20231
1; 5; 53; 15272
1; 5; 54; 3349
1; 5; 55; 4750
1; 5; 56; 26079
1; 5; 57; 4797
1; 5; 58; 5555
1; 5; 59; 4798
1; 5; 60; 34679
1; 5; 61; 7211
1; 5; 62; 6925
1; 5; 63; 1745
1; 5; 64; 4969
1; 5; 65; 5351
1; 5; 66; 5039
1; 5; 67; 34121
1; 5; 68; 4766
1; 5; 69; 7541
1; 5; 70; 5146
1; 5; 71; 4816
1; 5; 72; 31679
1; 5; 73; 30152
1; 5; 74; 5166
1; 5; 75; 31279
1; 5; 76; 28819
1; 5; 77; 361
1; 5; 78; 15760
1; 5; 79; 2300
1; 5; 80; 20010
1; 5; 81; 31548
1; 5; 82; 15825
1; 5; 83; 16697
1; 5; 84; 1875
1; 5; 85; 5082
1; 5; 86; 5221
1; 5; 87; 20621
1; 5; 88; 32601
1; 5; 89; 4752
1; 5; 90; 30968
1; 5; 91; 23728
1; 5; 92; 4907
1; 5; 93; 31658
1; 5; 94; 3292
1; 5; 95; 20215
1; 5; 96; 30026
1; 5; 97; 15767
1; 5; 98; 32774
1; 5; 99; 28516
1; 5; 100; 6771
1; 5; 101; 4782
1; 5; 102; 4746
1; 5; 103; 2680
1; 5; 104; 0
1; 5; 105; 0
2; 5; 1; 4734
2; 5; 2; 2699
2; 5; 3; 16908
2; 5; 4; 26515
2; 5; 5; 21343
2; 5; 6; 34762
2; 5; 7; 7774
2; 5; 8; 603
2; 5; 9; 6168
2; 5; 10; 6587
2; 5; 11; 4800
2; 5; 12; 31663
2; 5; 13; 33666
2; 5; 14; 3205
2; 5; 15; 17095
2; 5; 16; 7740
2; 5; 17; 2707
2; 5; 18; 24120
2; 5; 19; 4994
2; 5; 20; 29509
2; 5; 21; 4753
2; 5; 22; 4350
2; 5; 23; 5009
2; 5; 24; 5178
2; 5; 25; 7308
2; 5; 26; 20793
2; 5; 27; 33236
2; 5; 28; 28082
2; 5; 29; 32946
2; 5; 30; 552
2; 5; 31; 1067
2; 5; 32; 23726
2; 5; 33; 1155
2; 5; 34; 27124
2; 5; 35; 537
2; 5; 36; 7072
2; 5; 37; 573
2; 5; 38; 34650
2; 5; 39; 7791
2; 5; 40; 783
2; 5; 41; 33840
2; 5; 42; 25584
2; 5; 43; 1063
2; 5; 44; 550
2; 5; 45; 571
2; 5; 46; 22825
2; 5; 47; 4354
2; 5; 48; 622
2; 5; 49; 3295
2; 5; 50; 30242
2; 5; 51; 29204
2; 5; 52; 1256
2; 5; 53; 24294
2; 5; 54; 1254
2; 5; 55; 24044
2; 5; 56; 7979
2; 5; 57; 30165
2; 5; 58; 30824
2; 5; 59; 7083
2; 5; 60; 7646
2; 5; 61; 1223
2; 5; 62; 1069
2; 5; 63; 850
2; 5; 64; 688
2; 5; 65; 31136
2; 5; 66; 33162
2; 5; 67; 26706
2; 5; 68; 18887
2; 5; 69; 1246
2; 5; 70; 6260
2; 5; 71; 859
2; 5; 72; 508
2; 5; 73; 1731
2; 5; 74; 23880
2; 5; 75; 18967
2; 5; 76; 16132
2; 5; 77; 31151
2; 5; 78; 8363
2; 5; 79; 7753
2; 5; 80; 4234
2; 5; 81; 33104
2; 5; 82; 15911
2; 5; 83; 996
2; 5; 84; 5139
2; 5; 85; 4814
2; 5; 86; 4926
2; 5; 87; 3140
2; 5; 88; 31661
2; 5; 89; 8418
2; 5; 90; 2353
2; 5; 91; 7953
2; 5; 92; 17907
2; 5; 93; 1959
2; 5; 94; 1407
2; 5; 95; 4857
2; 5; 96; 19087
2; 5; 97; 5128
2; 5; 98; 0
