1; 1; 1; 31020
1; 1; 2; 4981
1; 1; 3; 34288
1; 1; 4; 24118
1; 1; 5; 1602
1; 1; 6; 30824
1; 1; 7; 956
1; 1; 8; 17379
1; 1; 9; 835
1; 1; 10; 34424
1; 1; 11; 1043
1; 1; 12; 32109
1; 1; 13; 31152
1; 1; 14; 7980
1; 1; 15; 1040
1; 1; 16; 7747
1; 1; 17; 4234
1; 1; 18; 162
1; 1; 19; 1213
1; 1; 20; 8497
1; 1; 21; 31801
1; 1; 22; 868
1; 1; 23; 1506
1; 1; 24; 31961
1; 1; 25; 31900
1; 1; 26; 25465
1; 1; 27; 751
1; 1; 28; 33070
1; 1; 29; 6895
1; 1; 30; 5297
1; 1; 31; 30440
1; 1; 32; 7184
1; 1; 33; 23086
1; 1; 34; 19168
1; 1; 35; 6274
1; 1; 36; 29399
1; 1; 37; 121
1; 1; 38; 6428
1; 1; 39; 8983
1; 1; 40; 6322
1; 1; 41; 31051
1; 1; 42; 5576
1; 1; 43; 15093
1; 1; 44; 943
1; 1; 45; 964
1; 1; 46; 1005
1; 1; 47; 4721
1; 1; 48; 952
1; 1; 49; 23988
1; 1; 50; 33003
1; 1; 51; 32949
1; 1; 52; 946
1; 1; 53; 33318
1; 1; 54; 865
1; 1; 55; 1640
1; 1; 56; 843
1; 1; 57; 809
1; 1; 58; 21064
1; 1; 59; 1566
1; 1; 60; 9016
1; 1; 61; 29973
1; 1; 62; 34331
1; 1; 63; 948
1; 1; 64; 19770
1; 1; 65; 7706
1; 1; 66; 927
1; 1; 67; 7472
1; 1; 68; 574
1; 1; 69; 32127
1; 1; 70; 27124
1; 1; 71; 526
1; 1; 72; 25776
1; 1; 73; 15674
1; 1; 74; 33206
1; 1; 75; 7316
1; 1; 76; 622
1; 1; 77; 573
1; 1; 78; 1517
1; 1; 79; 1017
1; 1; 80; 26046
1; 1; 81; 28061
1; 1; 82; 7040
1; 1; 83; 5682
1; 1; 84; 7370
1; 1; 85; 24306
1; 1; 86; 7355
1; 1; 87; 5542
1; 1; 88; 6503
1; 1; 89; 8418
1; 1; 90; 31658
1; 1; 91; 20690
1; 1; 92; 1601
1; 1; 93; 8412
1; 1; 94; 5116
1; 1; 95; 1727
1; 1; 96; 5092
1; 1; 97; 4740
1; 1; 98; 5407
1; 1; 99; 19987
1; 1; 100; 2316
1; 1; 101; 7953
1; 1; 102; 4752
1; 1; 103; 5093
1; 1; 104; 30968
1; 1; 105; 1876
1; 1; 106; 5011
1; 1; 107; 5219
1; 1; 108; 1181
1; 1; 109; 5636
1; 1; 110; 0
1; 1; 111; 34762
1; 1; 112; 0
2; 1; 1; 25188
2; 1; 2; 2839
2; 1; 3; 28899
2; 1; 4; 31663
2; 1; 5; 5131
2; 1; 6; 28082
2; 1; 7; 4773
2; 1; 8; 1728
2; 1; 9; 17907
2; 1; 10; 6136
2; 1; 11; 1751
2; 1; 12; 5550
2; 1; 13; 6144
2; 1; 14; 31913
2; 1; 15; 30710
2; 1; 16; 5176
2; 1; 17; 5058
2; 1; 18; 19155
2; 1; 19; 5107
2; 1; 20; 28289
2; 1; 21; 31679
2; 1; 22; 17201
2; 1; 23; 5048
2; 1; 24; 8363
2; 1; 25; 27700
2; 1; 26; 6340
2; 1; 27; 32560
2; 1; 28; 26248
2; 1; 29; 7365
2; 1; 30; 4823
2; 1; 31; 19836
2; 1; 32; 31661
2; 1; 33; 795
2; 1; 34; 33666
2; 1; 35; 5126
2; 1; 36; 5049
2; 1; 37; 15142
2; 1; 38; 4798
2; 1; 39; 19377
2; 1; 40; 4755
2; 1; 41; 4783
2; 1; 42; 5362
2; 1; 43; 26079
2; 1; 44; 34679
2; 1; 45; 15426
2; 1; 46; 7161
2; 1; 47; 730
2; 1; 48; 30375
2; 1; 49; 537
2; 1; 50; 2740
2; 1; 51; 6955
2; 1; 52; 449
2; 1; 53; 6478
2; 1; 54; 32876
2; 1; 55; 7072
2; 1; 56; 30411
2; 1; 57; 26558
2; 1; 58; 33071
2; 1; 59; 29892
2; 1; 60; 16062
2; 1; 61; 17714
2; 1; 62; 32370
2; 1; 63; 5773
2; 1; 64; 1605
2; 1; 65; 15958
2; 1; 66; 26317
2; 1; 67; 688
2; 1; 68; 30383
2; 1; 69; 1590
2; 1; 70; 28007
2; 1; 71; 5793
2; 1; 72; 766
2; 1; 73; 6169
2; 1; 74; 1018
2; 1; 75; 1246
2; 1; 76; 24358
2; 1; 77; 26070
2; 1; 78; 891
2; 1; 79; 1280
2; 1; 80; 2939
2; 1; 81; 930
2; 1; 82; 1223
2; 1; 83; 7097
2; 1; 84; 5882
2; 1; 85; 21343
2; 1; 86; 0
1; 2; 1; 3205
1; 2; 2; 2300
1; 2; 3; 3003
1; 2; 4; 28819
1; 2; 5; 4780
1; 2; 6; 6224
1; 2; 7; 4763
1; 2; 8; 4978
1; 2; 9; 4750
1; 2; 10; 1903
1; 2; 11; 4852
1; 2; 12; 4907
1; 2; 13; 33024
1; 2; 14; 4958
1; 2; 15; 5224
1; 2; 16; 34910
1; 2; 17; 15458
1; 2; 18; 29509
1; 2; 19; 7740
1; 2; 20; 1764
1; 2; 21; 1663
1; 2; 22; 5010
1; 2; 23; 5018
1; 2; 24; 24120
1; 2; 25; 1734
1; 2; 26; 2306
1; 2; 27; 15487
1; 2; 28; 6316
1; 2; 29; 16580
1; 2; 30; 7941
1; 2; 31; 8211
1; 2; 32; 4801
1; 2; 33; 2334
1; 2; 34; 5105
1; 2; 35; 29035
1; 2; 36; 25678
1; 2; 37; 7300
1; 2; 38; 1895
1; 2; 39; 17095
1; 2; 40; 1824
1; 2; 41; 30528
1; 2; 42; 4772
1; 2; 43; 5832
1; 2; 44; 4988
1; 2; 45; 4896
1; 2; 46; 4797
1; 2; 47; 1758
1; 2; 48; 5055
1; 2; 49; 22171
1; 2; 50; 7211
1; 2; 51; 4911
1; 2; 52; 2621
1; 2; 53; 1995
1; 2; 54; 25860
1; 2; 55; 30969
1; 2; 56; 5555
1; 2; 57; 4748
1; 2; 58; 22342
1; 2; 59; 5339
1; 2; 60; 15940
1; 2; 61; 6217
1; 2; 62; 30875
1; 2; 63; 21276
1; 2; 64; 21807
1; 2; 65; 20621
1; 2; 66; 3219
1; 2; 67; 33686
1; 2; 68; 22184
1; 2; 69; 21335
1; 2; 70; 0
1; 2; 71; 4829
1; 2; 72; 4767
1; 2; 73; 5037
1; 2; 74; 19000
1; 2; 75; 15911
1; 2; 76; 661
1; 2; 77; 23596
1; 2; 78; 20215
1; 2; 79; 27327
1; 2; 80; 936
1; 2; 81; 29342
1; 2; 82; 34814
1; 2; 83; 33236
1; 2; 84; 7373
1; 2; 85; 887
1; 2; 86; 2188
1; 2; 87; 25920
1; 2; 88; 620
1; 2; 89; 25262
1; 2; 90; 7714
1; 2; 91; 32952
1; 2; 92; 23982
1; 2; 93; 30190
1; 2; 94; 33839
1; 2; 95; 941
1; 2; 96; 29911
1; 2; 97; 3115
1; 2; 98; 846
1; 2; 99; 21839
1; 2; 100; 33951
1; 2; 101; 25543
1; 2; 102; 6270
1; 2; 103; 29204
1; 2; 104; 29246
1; 2; 105; 1924
1; 2; 106; 23852
1; 2; 107; 24044
1; 2; 108; 1312
1; 2; 109; 23702
1; 2; 110; 34366
1; 2; 111; 29885
1; 2; 112; 24295
1; 2; 113; 1272
1; 2; 114; 30825
1; 2; 115; 1247
1; 2; 116; 16673
1; 2; 117; 33904
1; 2; 118; 32694
1; 2; 119; 23955
1; 2; 120; 603
1; 2; 121; 4800
1; 2; 122; 0
2; 2; 1; 1594
2; 2; 2; 34672
2; 2; 3; 4825
2; 2; 4; 27965
2; 2; 5; 28516
2; 2; 6; 25213
2; 2; 7; 15074
2; 2; 8; 29175
2; 2; 9; 1378
2; 2; 10; 4319
2; 2; 11; 7133
2; 2; 12; 4088
2; 2; 13; 2741
2; 2; 14; 7009
2; 2; 15; 31441
2; 2; 16; 16093
2; 2; 17; 34486
2; 2; 18; 7720
2; 2; 19; 27692
2; 2; 20; 508
2; 2; 21; 839
2; 2; 22; 1065
2; 2; 23; 1015
2; 2; 24; 4235
2; 2; 25; 2100
2; 2; 26; 18872
2; 2; 27; 6587
2; 2; 28; 26836
2; 2; 29; 24043
2; 2; 30; 23728
2; 2; 31; 2091
2; 2; 32; 2627
2; 2; 33; 19087
2; 2; 34; 5571
2; 2; 35; 6395
2; 2; 36; 4956
2; 2; 37; 5729
2; 2; 38; 18
2; 2; 39; 15760
2; 2; 40; 32702
2; 2; 41; 30370
2; 2; 42; 31898
2; 2; 43; 24078
2; 2; 44; 5804
2; 2; 45; 4751
2; 2; 46; 1760
2; 2; 47; 20010
2; 2; 48; 4796
2; 2; 49; 4804
2; 2; 50; 5050
2; 2; 51; 898
2; 2; 52; 4816
2; 2; 53; 30238
2; 2; 54; 5564
2; 2; 55; 5856
2; 2; 56; 32568
2; 2; 57; 7309
2; 2; 58; 4845
2; 2; 59; 30026
2; 2; 60; 4926
2; 2; 61; 34582
2; 2; 62; 25745
2; 2; 63; 30812
2; 2; 64; 3348
2; 2; 65; 733
2; 2; 66; 23922
2; 2; 67; 18837
2; 2; 68; 7137
2; 2; 69; 33162
2; 2; 70; 26706
2; 2; 71; 30089
2; 2; 72; 5791
2; 2; 73; 853
2; 2; 74; 4358
2; 2; 75; 5679
2; 2; 76; 18006
2; 2; 77; 24449
2; 2; 78; 29839
2; 2; 79; 1041
2; 2; 80; 1068
2; 2; 81; 16326
2; 2; 82; 256
2; 2; 83; 1268
2; 2; 84; 26190
2; 2; 85; 20457
2; 2; 86; 1278
2; 2; 87; 697
2; 2; 88; 1069
2; 2; 89; 29626
2; 2; 90; 30382
2; 2; 91; 17665
2; 2; 92; 31323
2; 2; 93; 4814
2; 2; 94; 1774
2; 2; 95; 7814
2; 2; 96; 3357
2; 2; 97; 25082
2; 2; 98; 203
2; 2; 99; 33985
2; 2; 100; 0
1; 3; 1; 358
1; 3; 2; 1854
1; 3; 3; 361
1; 3; 4; 31663
1; 3; 5; 4935
1; 3; 6; 2949
1; 3; 7; 4949
1; 3; 8; 4774
1; 3; 9; 4858
1; 3; 10; 4201
1; 3; 11; 934
1; 3; 12; 27137
1; 3; 13; 2456
1; 3; 14; 6828
1; 3; 15; 8233
1; 3; 16; 8272
1; 3; 17; 1584
1; 3; 18; 3333
1; 3; 19; 34306
1; 3; 20; 789
1; 3; 21; 6260
1; 3; 22; 6863
1; 3; 23; 1241
1; 3; 24; 6360
1; 3; 25; 27158
1; 3; 26; 19441
1; 3; 27; 143
1; 3; 28; 23160
1; 3; 29; 4153
1; 3; 30; 1178
1; 3; 31; 18283
1; 3; 32; 23621
1; 3; 33; 28702
1; 3; 34; 885
1; 3; 35; 1599
1; 3; 36; 1518
1; 3; 37; 34544
1; 3; 38; 7083
1; 3; 39; 27465
1; 3; 40; 26243
1; 3; 41; 7610
1; 3; 42; 5139
1; 3; 43; 4878
1; 3; 44; 32813
1; 3; 45; 2688
1; 3; 46; 28495
1; 3; 47; 4842
1; 3; 48; 5038
1; 3; 49; 2832
1; 3; 50; 8319
1; 3; 51; 5109
1; 3; 52; 5170
1; 3; 53; 4957
1; 3; 54; 4945
1; 3; 55; 5983
1; 3; 56; 4844
1; 3; 57; 5056
1; 3; 58; 6888
1; 3; 59; 2707
1; 3; 60; 2698
1; 3; 61; 23070
1; 3; 62; 31548
1; 3; 63; 24125
1; 3; 64; 16607
1; 3; 65; 1826
1; 3; 66; 26064
1; 3; 67; 6603
1; 3; 68; 5146
1; 3; 69; 5142
1; 3; 70; 3046
1; 3; 71; 31023
1; 3; 72; 33425
1; 3; 73; 8368
1; 3; 74; 1374
1; 3; 75; 33666
1; 3; 76; 4631
1; 3; 77; 34458
1; 3; 78; 32889
1; 3; 79; 4987
1; 3; 80; 29921
1; 3; 81; 5788
1; 3; 82; 5141
1; 3; 83; 4985
1; 3; 84; 1772
1; 3; 85; 32778
1; 3; 86; 5166
1; 3; 87; 7480
1; 3; 88; 6359
1; 3; 89; 4991
1; 3; 90; 5061
1; 3; 91; 7104
1; 3; 92; 5114
1; 3; 93; 5787
1; 3; 94; 1732
1; 3; 95; 5017
1; 3; 96; 4969
1; 3; 97; 19697
1; 3; 98; 4934
1; 3; 99; 30229
1; 3; 100; 0
2; 3; 1; 6498
2; 3; 2; 32774
2; 3; 3; 16908
2; 3; 4; 16919
2; 3; 5; 3140
2; 3; 6; 5232
2; 3; 7; 2314
2; 3; 8; 25195
2; 3; 9; 6249
2; 3; 10; 26054
2; 3; 11; 20793
2; 3; 12; 4904
2; 3; 13; 5351
2; 3; 14; 33211
2; 3; 15; 24162
2; 3; 16; 4350
2; 3; 17; 4875
2; 3; 18; 6887
2; 3; 19; 34739
2; 3; 20; 4884
2; 3; 21; 5097
2; 3; 22; 8244
2; 3; 23; 5175
2; 3; 24; 5239
2; 3; 25; 28125
2; 3; 26; 5152
2; 3; 27; 4857
2; 3; 28; 5140
2; 3; 29; 3018
2; 3; 30; 33532
2; 3; 31; 4974
2; 3; 32; 31658
2; 3; 33; 31661
2; 3; 34; 4851
2; 3; 35; 8607
2; 3; 36; 8202
2; 3; 37; 22825
2; 3; 38; 31188
2; 3; 39; 8201
2; 3; 40; 6248
2; 3; 41; 7237
2; 3; 42; 5264
2; 3; 43; 1934
2; 3; 44; 5303
2; 3; 45; 15631
2; 3; 46; 34593
2; 3; 47; 2212
2; 3; 48; 8234
2; 3; 49; 571
2; 3; 50; 984
2; 3; 51; 6813
2; 3; 52; 23862
2; 3; 53; 658
2; 3; 54; 4881
2; 3; 55; 597
2; 3; 56; 962
2; 3; 57; 31905
2; 3; 58; 31189
2; 3; 59; 30352
2; 3; 60; 34197
2; 3; 61; 981
2; 3; 62; 4953
2; 3; 63; 32746
2; 3; 64; 28043
2; 3; 65; 15265
2; 3; 66; 2728
2; 3; 67; 30242
2; 3; 68; 33954
2; 3; 69; 24322
2; 3; 70; 31025
2; 3; 71; 30075
2; 3; 72; 4318
2; 3; 73; 24330
2; 3; 74; 6181
2; 3; 75; 16661
2; 3; 76; 1603
2; 3; 77; 34504
2; 3; 78; 836
2; 3; 79; 30149
2; 3; 80; 1264
2; 3; 81; 22147
2; 3; 82; 20963
2; 3; 83; 785
2; 3; 84; 1334
2; 3; 85; 29893
2; 3; 86; 20255
2; 3; 87; 26862
2; 3; 88; 1335
2; 3; 89; 2483
2; 3; 90; 32096
2; 3; 91; 883
2; 3; 92; 8971
2; 3; 93; 1013
2; 3; 94; 642
2; 3; 95; 20412
2; 3; 96; 23880
2; 3; 97; 27100
2; 3; 98; 7424
2; 3; 99; 1064
2; 3; 100; 16759
2; 3; 101; 30164
2; 3; 102; 18967
2; 3; 103; 972
2; 3; 104; 892
2; 3; 105; 8361
2; 3; 106; 28315
2; 3; 107; 4992
2; 3; 108; 2353
2; 3; 109; 6865
2; 3; 110; 5005
2; 3; 111; 29730
2; 3; 112; 15272
2; 3; 113; 0
1; 4; 1; 363
1; 4; 2; 2699
1; 4; 3; 4579
1; 4; 4; 4782
1; 4; 5; 5209
1; 4; 6; 1188
1; 4; 7; 1303
1; 4; 8; 5473
1; 4; 9; 960
1; 4; 10; 7070
1; 4; 11; 1731
1; 4; 12; 20328
1; 4; 13; 33996
1; 4; 14; 31483
1; 4; 15; 30657
1; 4; 16; 1067
1; 4; 17; 7314
1; 4; 18; 26046
1; 4; 19; 767
1; 4; 20; 2259
1; 4; 21; 538
1; 4; 22; 2862
1; 4; 23; 33781
1; 4; 24; 4337
1; 4; 25; 32711
1; 4; 26; 1228
1; 4; 27; 17733
1; 4; 28; 27561
1; 4; 29; 5794
1; 4; 30; 32261
1; 4; 31; 6378
1; 4; 32; 30863
1; 4; 33; 31517
1; 4; 34; 24229
1; 4; 35; 1337
1; 4; 36; 26265
1; 4; 37; 2094
1; 4; 38; 32864
1; 4; 39; 17541
1; 4; 40; 18009
1; 4; 41; 2516
1; 4; 42; 1254
1; 4; 43; 26401
1; 4; 44; 1083
1; 4; 45; 3134
1; 4; 46; 933
1; 4; 47; 30365
1; 4; 48; 33926
1; 4; 49; 7979
1; 4; 50; 812
1; 4; 51; 701
1; 4; 52; 880
1; 4; 53; 24047
1; 4; 54; 20533
1; 4; 55; 4736
1; 4; 56; 2593
1; 4; 57; 1256
1; 4; 58; 1246
1; 4; 59; 1084
1; 4; 60; 29975
1; 4; 61; 34050
1; 4; 62; 28007
1; 4; 63; 33827
1; 4; 64; 1211
1; 4; 65; 32895
1; 4; 66; 1221
1; 4; 67; 30165
1; 4; 68; 34669
1; 4; 69; 24882
1; 4; 70; 844
1; 4; 71; 1085
1; 4; 72; 808
1; 4; 73; 850
1; 4; 74; 7372
1; 4; 75; 7355
1; 4; 76; 27189
1; 4; 77; 30872
1; 4; 78; 4815
1; 4; 79; 5053
1; 4; 80; 24021
1; 4; 81; 1585
1; 4; 82; 22296
1; 4; 83; 29266
1; 4; 84; 5009
1; 4; 85; 7953
1; 4; 86; 2539
1; 4; 87; 30809
1; 4; 88; 19546
1; 4; 89; 8030
1; 4; 90; 5159
1; 4; 91; 2757
1; 4; 92; 34219
1; 4; 93; 32559
1; 4; 94; 5861
1; 4; 95; 7541
1; 4; 96; 1888
1; 4; 97; 17262
1; 4; 98; 29895
1; 4; 99; 32606
1; 4; 100; 1959
1; 4; 101; 6809
1; 4; 102; 4824
1; 4; 103; 5144
1; 4; 104; 5190
1; 4; 105; 4910
1; 4; 106; 5215
1; 4; 107; 996
1; 4; 108; 7753
1; 4; 109; 33104
1; 4; 110; 0
1; 4; 111; 8365
1; 4; 112; 34762
1; 4; 113; 0
2; 4; 1; 16575
2; 4; 2; 26515
2; 4; 3; 406
2; 4; 4; 24389
2; 4; 5; 32109
2; 4; 6; 8584
2; 4; 7; 7505
2; 4; 8; 7374
2; 4; 9; 32168
2; 4; 10; 8033
2; 4; 11; 24705
2; 4; 12; 22253
2; 4; 13; 31588
2; 4; 14; 4779
2; 4; 15; 3045
2; 4; 16; 851
2; 4; 17; 24294
2; 4; 18; 24461
2; 4; 19; 1957
2; 4; 20; 204
2; 4; 21; 31833
2; 4; 22; 24822
2; 4; 23; 8435
2; 4; 24; 21589
2; 4; 25; 32776
2; 4; 26; 1008
2; 4; 27; 33740
2; 4; 28; 2524
2; 4; 29; 1200
2; 4; 30; 33953
2; 4; 31; 644
2; 4; 32; 7205
2; 4; 33; 951
2; 4; 34; 940
2; 4; 35; 944
2; 4; 36; 8369
2; 4; 37; 34389
2; 4; 38; 5908
2; 4; 39; 4340
2; 4; 40; 2340
2; 4; 41; 30199
2; 4; 42; 31047
2; 4; 43; 17439
2; 4; 44; 942
2; 4; 45; 3238
2; 4; 46; 24163
2; 4; 47; 6094
2; 4; 48; 24164
2; 4; 49; 5185
2; 4; 50; 1526
2; 4; 51; 24590
2; 4; 52; 949
2; 4; 53; 5762
2; 4; 54; 25586
2; 4; 55; 950
2; 4; 56; 25505
2; 4; 57; 19375
2; 4; 58; 15674
2; 4; 59; 1000
2; 4; 60; 30814
2; 4; 61; 33976
2; 4; 62; 1720
2; 4; 63; 562
2; 4; 64; 7730
2; 4; 65; 624
2; 4; 66; 1155
2; 4; 67; 768
2; 4; 68; 25248
2; 4; 69; 24528
2; 4; 70; 6129
2; 4; 71; 969
2; 4; 72; 24306
2; 4; 73; 875
2; 4; 74; 6168
2; 4; 75; 820
2; 4; 76; 4831
2; 4; 77; 325
2; 4; 78; 6286
2; 4; 79; 5929
2; 4; 80; 30152
2; 4; 81; 4838
2; 4; 82; 1745
2; 4; 83; 5039
2; 4; 84; 34121
2; 4; 85; 27613
2; 4; 86; 6925
2; 4; 87; 5052
2; 4; 88; 5178
2; 4; 89; 25100
2; 4; 90; 5201
2; 4; 91; 8141
2; 4; 92; 32601
2; 4; 93; 1805
2; 4; 94; 26079
2; 4; 95; 31461
2; 4; 96; 3223
2; 4; 97; 22704
2; 4; 98; 15767
2; 4; 99; 114
2; 4; 100; 21967
2; 4; 101; 4746
2; 4; 102; 5205
2; 4; 103; 4734
2; 4; 104; 0
1; 5; 1; 2836
1; 5; 2; 7772
1; 5; 3; 33849
1; 5; 4; 4749
1; 5; 5; 31661
1; 5; 6; 20512
1; 5; 7; 6010
1; 5; 8; 8413
1; 5; 9; 34878
1; 5; 10; 1407
1; 5; 11; 6147
1; 5; 12; 4763
1; 5; 13; 5006
1; 5; 14; 5128
1; 5; 15; 5888
1; 5; 16; 25969
1; 5; 17; 32285
1; 5; 18; 2697
1; 5; 19; 34841
1; 5; 20; 8327
1; 5; 21; 1739
1; 5; 22; 4903
1; 5; 23; 15825
1; 5; 24; 338
1; 5; 25; 6272
1; 5; 26; 1875
1; 5; 27; 5082
1; 5; 28; 5127
1; 5; 29; 4766
1; 5; 30; 4970
1; 5; 31; 122
1; 5; 32; 2306
1; 5; 33; 7740
1; 5; 34; 1755
1; 5; 35; 4879
1; 5; 36; 5015
1; 5; 37; 4753
1; 5; 38; 31279
1; 5; 39; 4994
1; 5; 40; 2184
1; 5; 41; 6315
1; 5; 42; 28825
1; 5; 43; 0
1; 5; 44; 1726
1; 5; 45; 5226
1; 5; 46; 7492
1; 5; 47; 2500
1; 5; 48; 6771
1; 5; 49; 23810
1; 5; 50; 7617
1; 5; 51; 31267
1; 5; 52; 4950
1; 5; 53; 5063
1; 5; 54; 32809
1; 5; 55; 6289
1; 5; 56; 4977
1; 5; 57; 8410
1; 5; 58; 18
1; 5; 59; 5004
1; 5; 60; 20231
1; 5; 61; 4775
1; 5; 62; 5111
1; 5; 63; 5204
1; 5; 64; 4955
1; 5; 65; 29250
1; 5; 66; 3349
1; 5; 67; 3292
1; 5; 68; 2682
1; 5; 69; 31151
1; 5; 70; 16132
1; 5; 71; 747
1; 5; 72; 811
1; 5; 73; 8188
1; 5; 74; 23990
1; 5; 75; 935
1; 5; 76; 15945
1; 5; 77; 1247
1; 5; 78; 18887
1; 5; 79; 1267
1; 5; 80; 1066
1; 5; 81; 24046
1; 5; 82; 31904
1; 5; 83; 8331
1; 5; 84; 22771
1; 5; 85; 29839
1; 5; 86; 15168
1; 5; 87; 28517
1; 5; 88; 3141
1; 5; 89; 6912
1; 5; 90; 4367
1; 5; 91; 21300
1; 5; 92; 778
1; 5; 93; 882
1; 5; 94; 17957
1; 5; 95; 25704
1; 5; 96; 20844
1; 5; 97; 3209
1; 5; 98; 34343
1; 5; 99; 6321
1; 5; 100; 3197
1; 5; 101; 395
1; 5; 102; 24042
1; 5; 103; 34611
1; 5; 104; 2346
1; 5; 105; 4576
1; 5; 106; 4359
1; 5; 107; 651
1; 5; 108; 28367
1; 5; 109; 7226
1; 5; 110; 19186
1; 5; 111; 20453
1; 5; 112; 1268
1; 5; 113; 2714
1; 5; 114; 20419
1; 5; 115; 1332
1; 5; 116; 5970
1; 5; 117; 25341
1; 5; 118; 4487
1; 5; 119; 23037
1; 5; 120; 1273
1; 5; 121; 31136
1; 5; 122; 1269
1; 5; 123; 783
1; 5; 124; 1007
1; 5; 125; 141
1; 5; 126; 8290
1; 5; 127; 1583
1; 5; 128; 584
1; 5; 129; 4354
1; 5; 130; 7011
1; 5; 131; 7315
1; 5; 132; 32735
1; 5; 133; 572
1; 5; 134; 7437
1; 5; 135; 23795
1; 5; 136; 32946
1; 5; 137; 33947
1; 5; 138; 1063
1; 5; 139; 33840
1; 5; 140; 2741
1; 5; 141; 23890
1; 5; 142; 22483
1; 5; 143; 25908
1; 5; 144; 33236
1; 5; 145; 0
2; 5; 1; 23728
2; 5; 2; 4986
2; 5; 3; 26241
2; 5; 4; 895
2; 5; 5; 5189
2; 5; 6; 33666
2; 5; 7; 33346
2; 5; 8; 29032
2; 5; 9; 1212
2; 5; 10; 7774
2; 5; 11; 5202
2; 5; 12; 17969
2; 5; 13; 24120
2; 5; 14; 5012
2; 5; 15; 1771
2; 5; 16; 2680
2; 5; 17; 6587
2; 5; 18; 15180
2; 5; 19; 7709
2; 5; 20; 817
2; 5; 21; 8269
2; 5; 22; 4618
2; 5; 23; 6654
2; 5; 24; 32973
2; 5; 25; 2652
2; 5; 26; 32300
2; 5; 27; 30815
2; 5; 28; 34199
2; 5; 29; 1324
2; 5; 30; 552
2; 5; 31; 32562
2; 5; 32; 2188
2; 5; 33; 550
2; 5; 34; 23110
2; 5; 35; 32823
2; 5; 36; 31658
2; 5; 37; 28784
2; 5; 38; 30730
2; 5; 39; 31663
2; 5; 40; 0
