1; 1; 1; 31658
1; 1; 2; 34458
1; 1; 3; 6587
1; 1; 4; 34762
1; 1; 5; 32109
1; 1; 6; 23880
1; 1; 7; 31152
1; 1; 8; 29175
1; 1; 9; 996
1; 1; 10; 3308
1; 1; 11; 16759
1; 1; 12; 1012
1; 1; 13; 8131
1; 1; 14; 27365
1; 1; 15; 733
1; 1; 16; 5793
1; 1; 17; 697
1; 1; 18; 5791
1; 1; 19; 30089
1; 1; 20; 2094
1; 1; 21; 31517
1; 1; 22; 29892
1; 1; 23; 121
1; 1; 24; 8983
1; 1; 25; 6378
1; 1; 26; 30075
1; 1; 27; 4359
1; 1; 28; 29398
1; 1; 29; 29399
1; 1; 30; 26558
1; 1; 31; 5296
1; 1; 32; 25704
1; 1; 33; 5794
1; 1; 34; 23590
1; 1; 35; 30440
1; 1; 36; 26317
1; 1; 37; 27158
1; 1; 38; 1337
1; 1; 39; 1068
1; 1; 40; 1041
1; 1; 41; 3134
1; 1; 42; 1254
1; 1; 43; 1255
1; 1; 44; 1268
1; 1; 45; 30365
1; 1; 46; 31156
1; 1; 47; 29885
1; 1; 48; 1273
1; 1; 49; 2714
1; 1; 50; 6912
1; 1; 51; 25082
1; 1; 52; 1211
1; 1; 53; 1246
1; 1; 54; 5792
1; 1; 55; 6260
1; 1; 56; 29744
1; 1; 57; 1018
1; 1; 58; 4319
1; 1; 59; 4088
1; 1; 60; 21094
1; 1; 61; 8188
1; 1; 62; 4878
1; 1; 63; 5215
1; 1; 64; 15767
1; 1; 65; 15074
1; 1; 66; 3219
1; 1; 67; 23596
1; 1; 68; 33686
1; 1; 69; 16575
1; 1; 70; 30730
1; 1; 71; 31267
1; 1; 72; 28082
1; 1; 73; 32823
1; 1; 74; 25908
1; 1; 75; 30157
1; 1; 76; 8033
1; 1; 77; 7646
1; 1; 78; 7720
1; 1; 79; 7505
1; 1; 80; 34424
1; 1; 81; 0
1; 1; 82; 361
1; 1; 83; 28495
1; 1; 84; 33346
1; 1; 85; 4945
1; 1; 86; 5832
1; 1; 87; 5058
1; 1; 88; 5152
1; 1; 89; 23728
1; 1; 90; 4985
1; 1; 91; 1601
1; 1; 92; 5204
1; 1; 93; 7740
1; 1; 94; 2707
1; 1; 95; 898
1; 1; 96; 4766
1; 1; 97; 4970
1; 1; 98; 34219
1; 1; 99; 30710
1; 1; 100; 5788
1; 1; 101; 1734
1; 1; 102; 2621
1; 1; 103; 6249
1; 1; 104; 15426
1; 1; 105; 4994
1; 1; 106; 29921
1; 1; 107; 325
1; 1; 108; 4935
1; 1; 109; 23810
1; 1; 110; 730
1; 1; 111; 19473
1; 1; 112; 26248
1; 1; 113; 7365
1; 1; 114; 4879
1; 1; 115; 6217
1; 1; 116; 4969
1; 1; 117; 7953
1; 1; 118; 7308
1; 1; 119; 4955
1; 1; 120; 5105
1; 1; 121; 5114
1; 1; 122; 4801
1; 1; 123; 6010
1; 1; 124; 2688
1; 1; 125; 0
2; 1; 1; 4949
2; 1; 2; 31661
2; 1; 3; 33666
2; 1; 4; 21343
2; 1; 5; 406
2; 1; 6; 1726
2; 1; 7; 5226
2; 1; 8; 34288
2; 1; 9; 1007
2; 1; 10; 5682
2; 1; 11; 2188
2; 1; 12; 6395
2; 1; 13; 5170
2; 1; 14; 33024
2; 1; 15; 31663
2; 1; 16; 19770
2; 1; 17; 34331
2; 1; 18; 1008
2; 1; 19; 927
2; 1; 20; 9490
2; 1; 21; 33951
2; 1; 22; 6270
2; 1; 23; 24822
2; 1; 24; 31025
2; 1; 25; 26373
2; 1; 26; 4333
2; 1; 27; 1924
2; 1; 28; 17541
2; 1; 29; 3045
2; 1; 30; 1603
2; 1; 31; 1264
2; 1; 32; 804
2; 1; 33; 1774
2; 1; 34; 28899
2; 1; 35; 0
1; 2; 1; 21335
1; 2; 2; 31020
1; 2; 3; 32889
1; 2; 4; 4987
1; 2; 5; 4750
1; 2; 6; 5339
1; 2; 7; 2539
1; 2; 8; 28819
1; 2; 9; 25969
1; 2; 10; 24120
1; 2; 11; 7541
1; 2; 12; 30238
1; 2; 13; 34841
1; 2; 14; 5550
1; 2; 15; 5011
1; 2; 16; 4804
1; 2; 17; 30968
1; 2; 18; 32102
1; 2; 19; 1771
1; 2; 20; 5929
1; 2; 21; 26054
1; 2; 22; 34878
1; 2; 23; 6289
1; 2; 24; 24078
1; 2; 25; 4798
1; 2; 26; 25195
1; 2; 27; 21276
1; 2; 28; 31023
1; 2; 29; 33425
1; 2; 30; 30875
1; 2; 31; 5050
1; 2; 32; 8414
1; 2; 33; 6887
1; 2; 34; 4981
1; 2; 35; 1903
1; 2; 36; 3140
1; 2; 37; 3003
1; 2; 38; 19377
1; 2; 39; 8211
1; 2; 40; 5636
1; 2; 41; 8607
1; 2; 42; 767
1; 2; 43; 34593
1; 2; 44; 8290
1; 2; 45; 34199
1; 2; 46; 23110
1; 2; 47; 34646
1; 2; 48; 571
1; 2; 49; 8234
1; 2; 50; 5229
1; 2; 51; 15674
1; 2; 52; 25586
1; 2; 53; 5185
1; 2; 54; 23862
1; 2; 55; 30758
1; 2; 56; 32950
1; 2; 57; 658
1; 2; 58; 4881
1; 2; 59; 964
1; 2; 60; 944
1; 2; 61; 952
1; 2; 62; 940
1; 2; 63; 30218
1; 2; 64; 32949
1; 2; 65; 23988
1; 2; 66; 8669
1; 2; 67; 32952
1; 2; 68; 28043
1; 2; 69; 2340
1; 2; 70; 24257
1; 2; 71; 15093
1; 2; 72; 2524
1; 2; 73; 943
1; 2; 74; 19950
1; 2; 75; 981
1; 2; 76; 33839
1; 2; 77; 30934
1; 2; 78; 696
1; 2; 79; 16472
1; 2; 80; 865
1; 2; 81; 22341
1; 2; 82; 27932
1; 2; 83; 810
1; 2; 84; 21064
1; 2; 85; 1566
1; 2; 86; 4334
1; 2; 87; 7357
1; 2; 88; 7359
1; 2; 89; 7370
1; 2; 90; 8368
1; 2; 91; 1625
1; 2; 92; 5189
1; 2; 93; 6340
1; 2; 94; 1374
1; 2; 95; 4845
1; 2; 96; 8361
1; 2; 97; 34582
1; 2; 98; 30026
1; 2; 99; 2500
1; 2; 100; 6498
1; 2; 101; 4579
1; 2; 102; 0
1; 2; 103; 7941
1; 2; 104; 22296
1; 2; 105; 4775
1; 2; 106; 30809
1; 2; 107; 19546
1; 2; 108; 4831
1; 2; 109; 32568
1; 2; 110; 5787
1; 2; 111; 4896
1; 2; 112; 20010
1; 2; 113; 32601
1; 2; 114; 7300
1; 2; 115; 4797
1; 2; 116; 4753
1; 2; 117; 15458
1; 2; 118; 5005
1; 2; 119; 2306
1; 2; 120; 1805
1; 2; 121; 5555
1; 2; 122; 5010
1; 2; 123; 5140
1; 2; 124; 28125
1; 2; 125; 5190
1; 2; 126; 5571
1; 2; 127; 5061
1; 2; 128; 5144
1; 2; 129; 4844
1; 2; 130; 1732
1; 2; 131; 5006
1; 2; 132; 22171
1; 2; 133; 6147
1; 2; 134; 8418
1; 2; 135; 0
2; 2; 1; 358
2; 2; 2; 1594
2; 2; 3; 4904
2; 2; 4; 1728
2; 2; 5; 4350
2; 2; 6; 895
2; 2; 7; 4763
2; 2; 8; 5175
2; 2; 9; 2334
2; 2; 10; 5351
2; 2; 11; 5127
2; 2; 12; 5146
2; 2; 13; 1760
2; 2; 14; 1824
2; 2; 15; 26079
2; 2; 16; 820
2; 2; 17; 5048
2; 2; 18; 28315
2; 2; 19; 33236
2; 2; 20; 18
2; 2; 21; 17969
2; 2; 22; 5202
2; 2; 23; 3223
2; 2; 24; 2836
2; 2; 25; 3018
2; 2; 26; 5131
2; 2; 27; 4852
2; 2; 28; 4746
2; 2; 29; 2949
2; 2; 30; 4910
2; 2; 31; 5139
2; 2; 32; 17379
2; 2; 33; 24295
2; 2; 34; 26706
2; 2; 35; 31961
2; 2; 36; 7137
2; 2; 37; 2939
2; 2; 38; 1064
2; 2; 39; 16132
2; 2; 40; 30164
2; 2; 41; 747
2; 2; 42; 960
2; 2; 43; 29975
2; 2; 44; 1084
2; 2; 45; 28007
2; 2; 46; 1590
2; 2; 47; 26401
2; 2; 48; 30825
2; 2; 49; 1506
2; 2; 50; 20453
2; 2; 51; 24461
2; 2; 52; 1083
2; 2; 53; 20457
2; 2; 54; 203
2; 2; 55; 15168
2; 2; 56; 31136
2; 2; 57; 785
2; 2; 58; 34050
2; 2; 59; 5679
2; 2; 60; 34366
2; 2; 61; 33926
2; 2; 62; 3357
2; 2; 63; 24044
2; 2; 64; 30149
2; 2; 65; 29839
2; 2; 66; 3141
2; 2; 67; 33071
2; 2; 68; 7184
2; 2; 69; 3197
2; 2; 70; 34343
2; 2; 71; 25543
2; 2; 72; 17733
2; 2; 73; 8444
2; 2; 74; 32776
2; 2; 75; 17439
2; 2; 76; 962
2; 2; 77; 941
2; 2; 78; 24163
2; 2; 79; 809
2; 2; 80; 949
2; 2; 81; 984
2; 2; 82; 6813
2; 2; 83; 24164
2; 2; 84; 25505
2; 2; 85; 948
2; 2; 86; 1720
2; 2; 87; 2740
2; 2; 88; 7314
2; 2; 89; 624
2; 2; 90; 23726
2; 2; 91; 1000
2; 2; 92; 34374
2; 2; 93; 29626
2; 2; 94; 27137
2; 2; 95; 972
2; 2; 96; 22704
2; 2; 97; 4782
2; 2; 98; 5053
2; 2; 99; 795
2; 2; 100; 4823
2; 2; 101; 5205
2; 2; 102; 0
1; 3; 1; 25188
1; 3; 2; 1854
1; 3; 3; 4825
1; 3; 4; 1212
1; 3; 5; 6771
1; 3; 6; 7774
1; 3; 7; 33666
1; 3; 8; 603
1; 3; 9; 4829
1; 3; 10; 2682
1; 3; 11; 4907
1; 3; 12; 31658
1; 3; 13; 5038
1; 3; 14; 5111
1; 3; 15; 3349
1; 3; 16; 4851
1; 3; 17; 4974
1; 3; 18; 20690
1; 3; 19; 6316
1; 3; 20; 4751
1; 3; 21; 5092
1; 3; 22; 25678
1; 3; 23; 4911
1; 3; 24; 20793
1; 3; 25; 31913
1; 3; 26; 5142
1; 3; 27; 4816
1; 3; 28; 15825
1; 3; 29; 1959
1; 3; 30; 17907
1; 3; 31; 1663
1; 3; 32; 5017
1; 3; 33; 4978
1; 3; 34; 5056
1; 3; 35; 5107
1; 3; 36; 19155
1; 3; 37; 6359
1; 3; 38; 8412
1; 3; 39; 29250
1; 3; 40; 5224
1; 3; 41; 15940
1; 3; 42; 5861
1; 3; 43; 4755
1; 3; 44; 7480
1; 3; 45; 1181
1; 3; 46; 8410
1; 3; 47; 2353
1; 3; 48; 1407
1; 3; 49; 28289
1; 3; 50; 5176
1; 3; 51; 4824
1; 3; 52; 20231
1; 3; 53; 33849
1; 3; 54; 31663
1; 3; 55; 2680
1; 3; 56; 32560
1; 3; 57; 7814
1; 3; 58; 766
1; 3; 59; 31801
1; 3; 60; 4779
1; 3; 61; 4618
1; 3; 62; 2728
1; 3; 63; 24294
1; 3; 64; 25465
1; 3; 65; 22147
1; 3; 66; 33954
1; 3; 67; 1332
1; 3; 68; 24047
1; 3; 69; 34306
1; 3; 70; 811
1; 3; 71; 25341
1; 3; 72; 1272
1; 3; 73; 26070
1; 3; 74; 24882
1; 3; 75; 1085
1; 3; 76; 23391
1; 3; 77; 768
1; 3; 78; 622
1; 3; 79; 7315
1; 3; 80; 31469
1; 3; 81; 32946
1; 3; 82; 32562
1; 3; 83; 620
1; 3; 84; 2212
1; 3; 85; 30815
1; 3; 86; 1324
1; 3; 87; 25776
1; 3; 88; 538
1; 3; 89; 32300
1; 3; 90; 4576
1; 3; 91; 6322
1; 3; 92; 27561
1; 3; 93; 143
1; 3; 94; 33070
1; 3; 95; 930
1; 3; 96; 1223
1; 3; 97; 32168
1; 3; 98; 7374
1; 3; 99; 27692
1; 3; 100; 880
1; 3; 101; 956
1; 3; 102; 1043
1; 3; 103; 30824
1; 3; 104; 1602
1; 3; 105; 7747
1; 3; 106; 27700
1; 3; 107; 29032
1; 3; 108; 24043
1; 3; 109; 892
1; 3; 110; 0
2; 3; 1; 2839
2; 3; 2; 4842
2; 3; 3; 26836
2; 3; 4; 32774
2; 3; 5; 28784
2; 3; 6; 5209
2; 3; 7; 25213
2; 3; 8; 22184
2; 3; 9; 5093
2; 3; 10; 30370
2; 3; 11; 1745
2; 3; 12; 4780
2; 3; 13; 6925
2; 3; 14; 34679
2; 3; 15; 4988
2; 3; 16; 1758
2; 3; 17; 4740
2; 3; 18; 34121
2; 3; 19; 4934
2; 3; 20; 122
2; 3; 21; 17201
2; 3; 22; 17095
2; 3; 23; 23070
2; 3; 24; 3205
2; 3; 25; 20533
2; 3; 26; 1241
2; 3; 27; 23106
2; 3; 28; 836
2; 3; 29; 1331
2; 3; 30; 18283
2; 3; 31; 28022
2; 3; 32; 23160
2; 3; 33; 1228
2; 3; 34; 16067
2; 3; 35; 32261
2; 3; 36; 8435
2; 3; 37; 24229
2; 3; 38; 24042
2; 3; 39; 2511
2; 3; 40; 4318
2; 3; 41; 24330
2; 3; 42; 3209
2; 3; 43; 6181
2; 3; 44; 19441
2; 3; 45; 6428
2; 3; 46; 34611
2; 3; 47; 572
2; 3; 48; 2259
2; 3; 49; 7040
2; 3; 50; 552
2; 3; 51; 449
2; 3; 52; 33947
2; 3; 53; 537
2; 3; 54; 22825
2; 3; 55; 25262
2; 3; 56; 6478
2; 3; 57; 23155
2; 3; 58; 30411
2; 3; 59; 1583
2; 3; 60; 32876
2; 3; 61; 33206
2; 3; 62; 141
2; 3; 63; 33781
2; 3; 64; 15265
2; 3; 65; 32973
2; 3; 66; 751
2; 3; 67; 8331
2; 3; 68; 1312
2; 3; 69; 29893
2; 3; 70; 24449
2; 3; 71; 688
2; 3; 72; 882
2; 3; 73; 22771
2; 3; 74; 2516
2; 3; 75; 31904
2; 3; 76; 6360
2; 3; 77; 26190
2; 3; 78; 26862
2; 3; 79; 6654
2; 3; 80; 1256
2; 3; 81; 933
2; 3; 82; 16673
2; 3; 83; 2483
2; 3; 84; 22253
2; 3; 85; 20412
2; 3; 86; 935
2; 3; 87; 7070
2; 3; 88; 31323
2; 3; 89; 701
2; 3; 90; 31441
2; 3; 91; 22483
2; 3; 92; 7709
2; 3; 93; 7009
2; 3; 94; 812
2; 3; 95; 7097
2; 3; 96; 6828
2; 3; 97; 2456
2; 3; 98; 31183
2; 3; 99; 839
2; 3; 100; 1040
2; 3; 101; 8363
2; 3; 102; 33104
2; 3; 103; 24118
2; 3; 104; 6503
2; 3; 105; 31661
2; 3; 106; 1585
2; 3; 107; 5055
2; 3; 108; 22342
2; 3; 109; 2757
2; 3; 110; 5049
2; 3; 111; 2300
2; 3; 112; 19697
2; 3; 113; 29730
2; 3; 114; 31898
2; 3; 115; 5178
2; 3; 116; 1826
2; 3; 117; 6144
2; 3; 118; 21701
2; 3; 119; 32778
2; 3; 120; 0
1; 4; 1; 4734
1; 4; 2; 7772
1; 4; 3; 875
1; 4; 4; 2188
1; 4; 5; 7477
1; 4; 6; 574
1; 4; 7; 526
1; 4; 8; 7618
1; 4; 9; 32127
1; 4; 10; 5303
1; 4; 11; 573
1; 4; 12; 550
1; 4; 13; 19186
1; 4; 14; 18996
1; 4; 15; 16062
1; 4; 16; 17714
1; 4; 17; 26265
1; 4; 18; 1213
1; 4; 19; 783
1; 4; 20; 7791
1; 4; 21; 29204
1; 4; 22; 204
1; 4; 23; 256
1; 4; 24; 29246
1; 4; 25; 18009
1; 4; 26; 21300
1; 4; 27; 891
1; 4; 28; 1334
1; 4; 29; 24358
1; 4; 30; 1268
1; 4; 31; 33985
1; 4; 32; 1246
1; 4; 33; 162
1; 4; 34; 835
1; 4; 35; 7424
1; 4; 36; 508
1; 4; 37; 32109
1; 4; 38; 34669
1; 4; 39; 936
1; 4; 40; 4631
1; 4; 41; 27327
1; 4; 42; 33532
1; 4; 43; 2627
1; 4; 44; 16580
1; 4; 45; 5888
1; 4; 46; 4958
1; 4; 47; 1888
1; 4; 48; 5201
1; 4; 49; 1755
1; 4; 50; 1727
1; 4; 51; 32606
1; 4; 52; 6587
1; 4; 53; 16919
1; 4; 54; 20215
1; 4; 55; 0
1; 4; 56; 2699
1; 4; 57; 32813
1; 4; 58; 4926
1; 4; 59; 8365
1; 4; 60; 4767
1; 4; 61; 19836
1; 4; 62; 5542
1; 4; 63; 2184
1; 4; 64; 4749
1; 4; 65; 8319
1; 4; 66; 2832
1; 4; 67; 4857
1; 4; 68; 29035
1; 4; 69; 19087
1; 4; 70; 5239
1; 4; 71; 5983
1; 4; 72; 4608
1; 4; 73; 5109
1; 4; 74; 4991
1; 4; 75; 5039
1; 4; 76; 34739
1; 4; 77; 7740
1; 4; 78; 15142
1; 4; 79; 4752
1; 4; 80; 33211
1; 4; 81; 7211
1; 4; 82; 6224
1; 4; 83; 27613
1; 4; 84; 8244
1; 4; 85; 3046
1; 4; 86; 16697
1; 4; 87; 6136
1; 4; 88; 4783
1; 4; 89; 32559
1; 4; 90; 1751
1; 4; 91; 24125
1; 4; 92; 25100
1; 4; 93; 16607
1; 4; 94; 4895
1; 4; 95; 1876
1; 4; 96; 6272
1; 4; 97; 338
1; 4; 98; 31548
1; 4; 99; 21807
1; 4; 100; 5221
1; 4; 101; 20621
1; 4; 102; 4796
1; 4; 103; 6888
1; 4; 104; 2314
1; 4; 105; 576
1; 4; 106; 31461
1; 4; 107; 28825
1; 4; 108; 0
2; 4; 1; 114
2; 4; 2; 34762
2; 4; 3; 4814
2; 4; 4; 4950
2; 4; 5; 4774
2; 4; 6; 5804
2; 4; 7; 4977
2; 4; 8; 5097
2; 4; 9; 24162
2; 4; 10; 5362
2; 4; 11; 5009
2; 4; 12; 31279
2; 4; 13; 5128
2; 4; 14; 6809
2; 4; 15; 2697
2; 4; 16; 32285
2; 4; 17; 8413
2; 4; 18; 15272
2; 4; 19; 4858
2; 4; 20; 5037
2; 4; 21; 19000
2; 4; 22; 18967
2; 4; 23; 1303
2; 4; 24; 1669
2; 4; 25; 23890
2; 4; 26; 642
2; 4; 27; 7083
2; 4; 28; 21094
2; 4; 29; 1731
2; 4; 30; 4487
2; 4; 31; 7646
2; 4; 32; 8233
2; 4; 33; 8269
2; 4; 34; 5970
2; 4; 35; 7979
2; 4; 36; 1522
2; 4; 37; 8971
2; 4; 38; 789
2; 4; 39; 18887
2; 4; 40; 1599
2; 4; 41; 885
2; 4; 42; 4153
2; 4; 43; 5553
2; 4; 44; 3322
2; 4; 45; 34504
2; 4; 46; 31156
2; 4; 47; 20255
2; 4; 48; 23852
2; 4; 49; 16326
2; 4; 50; 21297
2; 4; 51; 20963
2; 4; 52; 32864
2; 4; 53; 1255
2; 4; 54; 997
2; 4; 55; 25584
2; 4; 56; 1067
2; 4; 57; 7316
2; 4; 58; 584
2; 4; 59; 7714
2; 4; 60; 1017
2; 4; 61; 7011
2; 4; 62; 31188
2; 4; 63; 7072
2; 4; 64; 8409
2; 4; 65; 843
2; 4; 66; 1640
2; 4; 67; 945
2; 4; 68; 946
2; 4; 69; 1005
2; 4; 70; 7205
2; 4; 71; 33003
2; 4; 72; 4721
2; 4; 73; 8369
2; 4; 74; 5576
2; 4; 75; 644
2; 4; 76; 29973
2; 4; 77; 7472
2; 4; 78; 30382
2; 4; 79; 934
2; 4; 80; 850
2; 4; 81; 3348
2; 4; 82; 4201
2; 4; 83; 881
2; 4; 84; 1015
2; 4; 85; 31151
2; 4; 86; 15911
2; 4; 87; 7953
2; 4; 88; 30528
2; 4; 89; 4772
2; 4; 90; 4992
2; 4; 91; 5012
2; 4; 92; 30229
2; 4; 93; 1764
2; 4; 94; 1895
2; 4; 95; 4773
2; 4; 96; 5141
2; 4; 97; 2100
2; 4; 98; 7309
2; 4; 99; 5166
2; 4; 100; 30969
2; 4; 101; 31679
2; 4; 102; 7308
2; 4; 103; 30152
2; 4; 104; 23728
2; 4; 105; 34672
2; 4; 106; 0
1; 5; 1; 5729
1; 5; 2; 18
1; 5; 3; 1772
1; 5; 4; 6865
1; 5; 5; 5407
1; 5; 6; 6286
1; 5; 7; 5004
1; 5; 8; 5018
1; 5; 9; 5116
1; 5; 10; 4957
1; 5; 11; 15487
1; 5; 12; 5856
1; 5; 13; 29266
1; 5; 14; 5219
1; 5; 15; 4748
1; 5; 16; 2306
1; 5; 17; 2698
1; 5; 18; 25860
1; 5; 19; 1875
1; 5; 20; 8327
1; 5; 21; 6603
1; 5; 22; 5052
1; 5; 23; 4903
1; 5; 24; 15760
1; 5; 25; 5159
1; 5; 26; 24120
1; 5; 27; 5126
1; 5; 28; 7104
1; 5; 29; 4235
1; 5; 30; 18872
1; 5; 31; 4800
1; 5; 32; 7617
1; 5; 33; 5063
1; 5; 34; 31661
1; 5; 35; 6315
1; 5; 36; 2091
1; 5; 37; 4986
1; 5; 38; 27965
1; 5; 39; 16908
1; 5; 40; 26515
1; 5; 41; 0
1; 5; 42; 31658
1; 5; 43; 3238
1; 5; 44; 18716
1; 5; 45; 3329
1; 5; 46; 31905
1; 5; 47; 24590
1; 5; 48; 26763
1; 5; 49; 33740
1; 5; 50; 9016
1; 5; 51; 31047
1; 5; 52; 29911
1; 5; 53; 5298
1; 5; 54; 597
1; 5; 55; 24119
1; 5; 56; 31051
1; 5; 57; 1200
1; 5; 58; 993
1; 5; 59; 33953
1; 5; 60; 25743
1; 5; 61; 951
1; 5; 62; 28987
1; 5; 63; 4953
1; 5; 64; 32746
1; 5; 65; 5908
1; 5; 66; 31189
1; 5; 67; 30190
1; 5; 68; 34825
1; 5; 69; 34197
1; 5; 70; 33318
1; 5; 71; 27932
1; 5; 72; 32985
1; 5; 73; 5762
1; 5; 74; 23795
1; 5; 75; 28061
1; 5; 76; 6955
1; 5; 77; 7237
1; 5; 78; 4354
1; 5; 79; 7730
1; 5; 80; 1517
1; 5; 81; 24180
1; 5; 82; 8201
1; 5; 83; 34646
1; 5; 84; 23726
1; 5; 85; 15674
1; 5; 86; 19375
1; 5; 87; 2862
1; 5; 88; 6248
1; 5; 89; 1934
1; 5; 90; 25920
1; 5; 91; 30375
1; 5; 92; 24528
1; 5; 93; 30657
1; 5; 94; 7430
1; 5; 95; 1063
1; 5; 96; 2652
1; 5; 97; 3295
1; 5; 98; 23702
1; 5; 99; 33827
1; 5; 100; 1335
1; 5; 101; 1278
1; 5; 102; 1066
1; 5; 103; 28517
1; 5; 104; 4367
1; 5; 105; 851
1; 5; 106; 28007
1; 5; 107; 31588
1; 5; 108; 1336
1; 5; 109; 32096
1; 5; 110; 883
1; 5; 111; 33904
1; 5; 112; 1013
1; 5; 113; 23990
1; 5; 114; 23955
1; 5; 115; 1378
1; 5; 116; 27100
1; 5; 117; 23037
1; 5; 118; 18837
1; 5; 119; 23922
1; 5; 120; 1221
1; 5; 121; 7980
1; 5; 122; 34612
1; 5; 123; 1188
1; 5; 124; 4234
1; 5; 125; 22751
1; 5; 126; 29342
1; 5; 127; 34814
1; 5; 128; 7372
1; 5; 129; 7373
1; 5; 130; 7357
1; 5; 131; 16960
1; 5; 132; 30872
1; 5; 133; 4815
1; 5; 134; 0
2; 5; 1; 363
2; 5; 2; 33666
2; 5; 3; 24021
2; 5; 4; 5232
2; 5; 5; 3292
2; 5; 6; 26064
2; 5; 7; 1739
2; 5; 8; 4838
2; 5; 9; 1995
2; 5; 10; 5564
2; 5; 11; 5082
2; 5; 12; 29895
2; 5; 13; 4956
2; 5; 14; 7492
2; 5; 15; 28516
2; 5; 16; 6168
2; 5; 17; 8030
2; 5; 18; 4875
2; 5; 19; 4763
2; 5; 20; 2316
2; 5; 21; 29509
2; 5; 22; 34910
2; 5; 23; 33236
2; 5; 24; 26241
2; 5; 25; 7161
2; 5; 26; 7753
2; 5; 27; 29647
2; 5; 28; 5473
2; 5; 29; 17665
2; 5; 30; 16093
2; 5; 31; 24389
2; 5; 32; 25745
2; 5; 33; 15180
2; 5; 34; 33996
2; 5; 35; 1269
2; 5; 36; 18006
2; 5; 37; 1957
2; 5; 38; 1280
2; 5; 39; 24322
2; 5; 40; 778
2; 5; 41; 30383
2; 5; 42; 24046
2; 5; 43; 29839
2; 5; 44; 33162
2; 5; 45; 8497
2; 5; 46; 32370
2; 5; 47; 15031
2; 5; 48; 28985
2; 5; 49; 23086
2; 5; 50; 19168
2; 5; 51; 6274
2; 5; 52; 30863
2; 5; 53; 17957
2; 5; 54; 2346
2; 5; 55; 395
2; 5; 56; 20844
2; 5; 57; 15958
2; 5; 58; 32711
2; 5; 59; 28702
2; 5; 60; 5344
2; 5; 61; 24705
2; 5; 62; 15945
2; 5; 63; 4337
2; 5; 64; 853
2; 5; 65; 4358
2; 5; 66; 1267
2; 5; 67; 1174
2; 5; 68; 33840
2; 5; 69; 15631
2; 5; 70; 8202
2; 5; 71; 562
2; 5; 72; 5264
2; 5; 73; 32735
2; 5; 74; 32694
2; 5; 75; 8272
2; 5; 76; 817
2; 5; 77; 32895
2; 5; 78; 5882
2; 5; 79; 30812
2; 5; 80; 21967
2; 5; 81; 31663
2; 5; 82; 908
2; 5; 83; 27189
2; 5; 84; 7359
2; 5; 85; 887
2; 5; 86; 7371
2; 5; 87; 26079
2; 5; 88; 32702
2; 5; 89; 4884
2; 5; 90; 8141
2; 5; 91; 0
