1; 1; 1; 361
1; 1; 2; 34582
1; 1; 3; 6587
1; 1; 4; 5232
1; 1; 5; 29035
1; 1; 6; 5170
1; 1; 7; 5983
1; 1; 8; 18
1; 1; 9; 29921
1; 1; 10; 4956
1; 1; 11; 4751
1; 1; 12; 2698
1; 1; 13; 1888
1; 1; 14; 1995
1; 1; 15; 4766
1; 1; 16; 338
1; 1; 17; 4895
1; 1; 18; 2306
1; 1; 19; 1745
1; 1; 20; 7480
1; 1; 21; 34121
1; 1; 22; 1959
1; 1; 23; 25969
1; 1; 24; 30152
1; 1; 25; 2539
1; 1; 26; 1732
1; 1; 27; 5176
1; 1; 28; 5190
1; 1; 29; 34458
1; 1; 30; 32889
1; 1; 31; 28899
1; 1; 32; 0
1; 1; 33; 603
1; 1; 34; 31658
1; 1; 35; 31663
1; 1; 36; 31469
1; 1; 37; 32562
1; 1; 38; 7237
1; 1; 39; 7316
1; 1; 40; 768
1; 1; 41; 23110
1; 1; 42; 8201
1; 1; 43; 7477
1; 1; 44; 1017
1; 1; 45; 550
1; 1; 46; 25776
1; 1; 47; 30815
1; 1; 48; 30814
1; 1; 49; 5303
1; 1; 50; 538
1; 1; 51; 449
1; 1; 52; 7315
1; 1; 53; 23155
1; 1; 54; 572
1; 1; 55; 32300
1; 1; 56; 25586
1; 1; 57; 19770
1; 1; 58; 948
1; 1; 59; 950
1; 1; 60; 26763
1; 1; 61; 5185
1; 1; 62; 34331
1; 1; 63; 24164
1; 1; 64; 8409
1; 1; 65; 1139
1; 1; 66; 17439
1; 1; 67; 30758
1; 1; 68; 33740
1; 1; 69; 941
1; 1; 70; 18715
1; 1; 71; 942
1; 1; 72; 809
1; 1; 73; 24163
1; 1; 74; 33839
1; 1; 75; 34197
1; 1; 76; 30243
1; 1; 77; 30190
1; 1; 78; 34825
1; 1; 79; 940
1; 1; 80; 4953
1; 1; 81; 5908
1; 1; 82; 15093
1; 1; 83; 32952
1; 1; 84; 28043
1; 1; 85; 951
1; 1; 86; 7205
1; 1; 87; 4721
1; 1; 88; 8369
1; 1; 89; 944
1; 1; 90; 29911
1; 1; 91; 949
1; 1; 92; 4881
1; 1; 93; 1008
1; 1; 94; 32985
1; 1; 95; 32776
1; 1; 96; 5927
1; 1; 97; 8435
1; 1; 98; 3197
1; 1; 99; 23086
1; 1; 100; 6321
1; 1; 101; 34343
1; 1; 102; 24822
1; 1; 103; 1189
1; 1; 104; 1337
1; 1; 105; 2094
1; 1; 106; 30383
1; 1; 107; 1957
1; 1; 108; 20453
1; 1; 109; 6912
1; 1; 110; 256
1; 1; 111; 22147
1; 1; 112; 20255
1; 1; 113; 6654
1; 1; 114; 1506
1; 1; 115; 933
1; 1; 116; 26706
1; 1; 117; 1278
1; 1; 118; 8272
1; 1; 119; 1013
1; 1; 120; 8188
1; 1; 121; 24389
1; 1; 122; 33904
1; 1; 123; 8233
1; 1; 124; 1223
1; 1; 125; 24306
1; 1; 126; 7357
1; 1; 127; 7365
1; 1; 128; 30872
1; 1; 129; 33666
1; 1; 130; 0
2; 1; 1; 1594
2; 1; 2; 31461
2; 1; 3; 5005
2; 1; 4; 24120
2; 1; 5; 8414
2; 1; 6; 8327
2; 1; 7; 2697
2; 1; 8; 15825
2; 1; 9; 30875
2; 1; 10; 5788
2; 1; 11; 1772
2; 1; 12; 1824
2; 1; 13; 6888
2; 1; 14; 30370
2; 1; 15; 5038
2; 1; 16; 1903
2; 1; 17; 21343
2; 1; 18; 24043
2; 1; 19; 23728
2; 1; 20; 2100
2; 1; 21; 28082
2; 1; 22; 5139
2; 1; 23; 24118
2; 1; 24; 4234
2; 1; 25; 1040
2; 1; 26; 30824
2; 1; 27; 32895
2; 1; 28; 7430
2; 1; 29; 783
2; 1; 30; 23391
2; 1; 31; 141
2; 1; 32; 574
2; 1; 33; 1324
2; 1; 34; 32876
2; 1; 35; 526
2; 1; 36; 33947
2; 1; 37; 7437
2; 1; 38; 15631
2; 1; 39; 23795
2; 1; 40; 7040
2; 1; 41; 1934
2; 1; 42; 767
2; 1; 43; 22825
2; 1; 44; 1155
2; 1; 45; 2740
2; 1; 46; 24180
2; 1; 47; 537
2; 1; 48; 4354
2; 1; 49; 622
2; 1; 50; 6955
2; 1; 51; 6248
2; 1; 52; 584
2; 1; 53; 2652
2; 1; 54; 1174
2; 1; 55; 3295
2; 1; 56; 30089
2; 1; 57; 24294
2; 1; 58; 785
2; 1; 59; 24044
2; 1; 60; 24358
2; 1; 61; 6360
2; 1; 62; 18009
2; 1; 63; 22771
2; 1; 64; 21297
2; 1; 65; 26190
2; 1; 66; 34050
2; 1; 67; 32096
2; 1; 68; 4779
2; 1; 69; 1247
2; 1; 70; 31588
2; 1; 71; 1084
2; 1; 72; 6260
2; 1; 73; 31801
2; 1; 74; 883
2; 1; 75; 4319
2; 1; 76; 23880
2; 1; 77; 31323
2; 1; 78; 24047
2; 1; 79; 747
2; 1; 80; 32109
2; 1; 81; 508
2; 1; 82; 7009
2; 1; 83; 7646
2; 1; 84; 162
2; 1; 85; 2456
2; 1; 86; 30812
2; 1; 87; 844
2; 1; 88; 1069
2; 1; 89; 934
2; 1; 90; 7371
2; 1; 91; 7372
2; 1; 92; 32560
2; 1; 93; 1774
2; 1; 94; 4823
2; 1; 95; 31661
2; 1; 96; 23810
2; 1; 97; 4749
2; 1; 98; 6340
2; 1; 99; 4774
2; 1; 100; 2184
2; 1; 101; 4910
2; 1; 102; 2949
2; 1; 103; 7953
2; 1; 104; 5189
2; 1; 105; 5140
2; 1; 106; 8319
2; 1; 107; 5048
2; 1; 108; 20690
2; 1; 109; 28315
2; 1; 110; 22296
2; 1; 111; 4775
2; 1; 112; 16580
2; 1; 113; 6503
2; 1; 114; 32774
2; 1; 115; 0
1; 2; 1; 3205
1; 2; 2; 25860
1; 2; 3; 7308
1; 2; 4; 1771
1; 2; 5; 33024
1; 2; 6; 2188
1; 2; 7; 2212
1; 2; 8; 30411
1; 2; 9; 1000
1; 2; 10; 7791
1; 2; 11; 1213
1; 2; 12; 205
1; 2; 13; 32973
1; 2; 14; 1267
1; 2; 15; 5036
1; 2; 16; 16326
1; 2; 17; 25465
1; 2; 18; 5791
1; 2; 19; 30149
1; 2; 20; 1246
1; 2; 21; 23106
1; 2; 22; 27100
1; 2; 23; 956
1; 2; 24; 32568
1; 2; 25; 5729
1; 2; 26; 5092
1; 2; 27; 4958
1; 2; 28; 26079
1; 2; 29; 15458
1; 2; 30; 29509
1; 2; 31; 30528
1; 2; 32; 4824
1; 2; 33; 3018
1; 2; 34; 5131
1; 2; 35; 4907
1; 2; 36; 4851
1; 2; 37; 3349
1; 2; 38; 5856
1; 2; 39; 6224
1; 2; 40; 4763
1; 2; 41; 4992
1; 2; 42; 5929
1; 2; 43; 5049
1; 2; 44; 26054
1; 2; 45; 4804
1; 2; 46; 0
1; 2; 47; 31020
1; 2; 48; 26836
1; 2; 49; 4782
1; 2; 50; 6498
1; 2; 51; 32813
1; 2; 52; 7610
1; 2; 53; 26414
1; 2; 54; 14930
1; 2; 55; 26243
1; 2; 56; 32694
1; 2; 57; 25341
1; 2; 58; 7979
1; 2; 59; 34424
1; 2; 60; 7709
1; 2; 61; 935
1; 2; 62; 34306
1; 2; 63; 23955
1; 2; 64; 960
1; 2; 65; 7505
1; 2; 66; 32168
1; 2; 67; 8033
1; 2; 68; 23922
1; 2; 69; 804
1; 2; 70; 1041
1; 2; 71; 688
1; 2; 72; 4357
1; 2; 73; 31025
1; 2; 74; 31833
1; 2; 75; 6322
1; 2; 76; 29399
1; 2; 77; 33513
1; 2; 78; 28985
1; 2; 79; 32370
1; 2; 80; 33951
1; 2; 81; 17733
1; 2; 82; 6181
1; 2; 83; 30440
1; 2; 84; 4318
1; 2; 85; 14927
1; 2; 86; 27958
1; 2; 87; 6895
1; 2; 88; 143
1; 2; 89; 1228
1; 2; 90; 5297
1; 2; 91; 33070
1; 2; 92; 5344
1; 2; 93; 3322
1; 2; 94; 885
1; 2; 95; 18283
1; 2; 96; 753
1; 2; 97; 4153
1; 2; 98; 24322
1; 2; 99; 29246
1; 2; 100; 24461
1; 2; 101; 24046
1; 2; 102; 31961
1; 2; 103; 7694
1; 2; 104; 1522
1; 2; 105; 817
1; 2; 106; 7070
1; 2; 107; 996
1; 2; 108; 0
2; 2; 1; 3223
2; 2; 2; 1854
2; 2; 3; 7772
2; 2; 4; 18872
2; 2; 5; 7309
2; 2; 6; 1625
2; 2; 7; 5215
2; 2; 8; 2832
2; 2; 9; 5152
2; 2; 10; 5175
2; 2; 11; 4945
2; 2; 12; 5128
2; 2; 13; 6289
2; 2; 14; 7104
2; 2; 15; 5126
2; 2; 16; 4974
2; 2; 17; 4748
2; 2; 18; 5166
2; 2; 19; 1734
2; 2; 20; 7740
2; 2; 21; 1760
2; 2; 22; 21807
2; 2; 23; 16697
2; 2; 24; 16607
2; 2; 25; 4816
2; 2; 26; 24125
2; 2; 27; 5127
2; 2; 28; 31548
2; 2; 29; 5012
2; 2; 30; 5116
2; 2; 31; 28125
2; 2; 32; 4957
2; 2; 33; 5114
2; 2; 34; 5063
2; 2; 35; 4949
2; 2; 36; 34762
2; 2; 37; 4878
2; 2; 38; 7753
2; 2; 39; 34814
2; 2; 40; 4201
2; 2; 41; 8269
2; 2; 42; 2741
2; 2; 43; 27465
2; 2; 44; 21094
2; 2; 45; 31152
2; 2; 46; 1731
2; 2; 47; 30157
2; 2; 48; 34544
2; 2; 49; 789
2; 2; 50; 1272
2; 2; 51; 26070
2; 2; 52; 33827
2; 2; 53; 1599
2; 2; 54; 23621
2; 2; 55; 1179
2; 2; 56; 23456
2; 2; 57; 16661
2; 2; 58; 23160
2; 2; 59; 32711
2; 2; 60; 18720
2; 2; 61; 27561
2; 2; 62; 7184
2; 2; 63; 3209
2; 2; 64; 31517
2; 2; 65; 30863
2; 2; 66; 27158
2; 2; 67; 17714
2; 2; 68; 19441
2; 2; 69; 5773
2; 2; 70; 32261
2; 2; 71; 6274
2; 2; 72; 4359
2; 2; 73; 19168
2; 2; 74; 24042
2; 2; 75; 5296
2; 2; 76; 2346
2; 2; 77; 121
2; 2; 78; 29892
2; 2; 79; 24330
2; 2; 80; 1068
2; 2; 81; 28007
2; 2; 82; 34504
2; 2; 83; 5679
2; 2; 84; 1254
2; 2; 85; 1255
2; 2; 86; 3357
2; 2; 87; 34366
2; 2; 88; 1312
2; 2; 89; 5793
2; 2; 90; 5882
2; 2; 91; 4814
2; 2; 92; 33236
2; 2; 93; 15767
2; 2; 94; 15074
2; 2; 95; 1212
2; 2; 96; 114
2; 2; 97; 8030
2; 2; 98; 5787
2; 2; 99; 5056
2; 2; 100; 5018
2; 2; 101; 15760
2; 2; 102; 5351
2; 2; 103; 1728
2; 2; 104; 34910
2; 2; 105; 28825
2; 2; 106; 0
1; 3; 1; 34672
1; 3; 2; 32823
1; 3; 3; 31658
1; 3; 4; 31661
1; 3; 5; 6168
1; 3; 6; 2353
1; 3; 7; 2316
1; 3; 8; 30229
1; 3; 9; 6887
1; 3; 10; 1181
1; 3; 11; 20512
1; 3; 12; 4767
1; 3; 13; 8361
1; 3; 14; 34878
1; 3; 15; 23070
1; 3; 16; 8141
1; 3; 17; 19377
1; 3; 18; 26064
1; 3; 19; 4752
1; 3; 20; 25100
1; 3; 21; 1751
1; 3; 22; 5550
1; 3; 23; 1739
1; 3; 24; 1407
1; 3; 25; 2300
1; 3; 26; 5201
1; 3; 27; 2757
1; 3; 28; 5202
1; 3; 29; 576
1; 3; 30; 20793
1; 3; 31; 5082
1; 3; 32; 2314
1; 3; 33; 4987
1; 3; 34; 31267
1; 3; 35; 5205
1; 3; 36; 4950
1; 3; 37; 32946
1; 3; 38; 25920
1; 3; 39; 30375
1; 3; 40; 7618
1; 3; 41; 34199
1; 3; 42; 2862
1; 3; 43; 33206
1; 3; 44; 571
1; 3; 45; 557
1; 3; 46; 624
1; 3; 47; 1067
1; 3; 48; 7730
1; 3; 49; 1517
1; 3; 50; 8607
1; 3; 51; 24528
1; 3; 52; 5682
1; 3; 53; 7314
1; 3; 54; 7714
1; 3; 55; 6478
1; 3; 56; 25262
1; 3; 57; 32735
1; 3; 58; 5264
1; 3; 59; 1720
1; 3; 60; 34593
1; 3; 61; 7072
1; 3; 62; 1007
1; 3; 63; 7472
1; 3; 64; 1063
1; 3; 65; 33840
1; 3; 66; 6139
1; 3; 67; 4358
1; 3; 68; 31904
1; 3; 69; 24449
1; 3; 70; 26265
1; 3; 71; 33954
1; 3; 72; 33162
1; 3; 73; 1273
1; 3; 74; 26401
1; 3; 75; 1924
1; 3; 76; 836
1; 3; 77; 18887
1; 3; 78; 27137
1; 3; 79; 3308
1; 3; 80; 1602
1; 3; 81; 16132
1; 3; 82; 34669
1; 3; 83; 1012
1; 3; 84; 30165
1; 3; 85; 5970
1; 3; 86; 835
1; 3; 87; 29087
1; 3; 88; 7374
1; 3; 89; 23890
1; 3; 90; 27692
1; 3; 91; 30164
1; 3; 92; 29175
1; 3; 93; 2699
1; 3; 94; 5010
1; 3; 95; 19697
1; 3; 96; 31663
1; 3; 97; 4746
1; 3; 98; 8418
1; 3; 99; 33666
1; 3; 100; 0
2; 3; 1; 4734
2; 3; 2; 2688
2; 3; 3; 358
2; 3; 4; 4579
2; 3; 5; 1726
2; 3; 6; 3219
2; 3; 7; 406
2; 3; 8; 6771
2; 3; 9; 30730
2; 3; 10; 875
2; 3; 11; 32538
2; 3; 12; 16960
2; 3; 13; 15911
2; 3; 14; 881
2; 3; 15; 1065
2; 3; 16; 733
2; 3; 17; 930
2; 3; 18; 23702
2; 3; 19; 853
2; 3; 20; 2714
2; 3; 21; 20419
2; 3; 22; 8333
2; 3; 23; 30365
2; 3; 24; 851
2; 3; 25; 2516
2; 3; 26; 29893
2; 3; 27; 32864
2; 3; 28; 3134
2; 3; 29; 1334
2; 3; 30; 8331
2; 3; 31; 15168
2; 3; 32; 778
2; 3; 33; 882
2; 3; 34; 1269
2; 3; 35; 29975
2; 3; 36; 3141
2; 3; 37; 204
2; 3; 38; 25082
2; 3; 39; 29204
2; 3; 40; 3045
2; 3; 41; 1603
2; 3; 42; 16067
2; 3; 43; 20844
2; 3; 44; 5794
2; 3; 45; 30075
2; 3; 46; 15031
2; 3; 47; 6378
2; 3; 48; 8983
2; 3; 49; 6428
2; 3; 50; 4333
2; 3; 51; 20457
2; 3; 52; 6863
2; 3; 53; 766
2; 3; 54; 1241
2; 3; 55; 3348
2; 3; 56; 23037
2; 3; 57; 15265
2; 3; 58; 891
2; 3; 59; 31900
2; 3; 60; 1066
2; 3; 61; 33985
2; 3; 62; 22483
2; 3; 63; 642
2; 3; 64; 23990
2; 3; 65; 7083
2; 3; 66; 7424
2; 3; 67; 16759
2; 3; 68; 7980
2; 3; 69; 1378
2; 3; 70; 1669
2; 3; 71; 8584
2; 3; 72; 18967
2; 3; 73; 34288
2; 3; 74; 6359
2; 3; 75; 6395
2; 3; 76; 4977
2; 3; 77; 6286
2; 3; 78; 1805
2; 3; 79; 27613
2; 3; 80; 4740
2; 3; 81; 3003
2; 3; 82; 20010
2; 3; 83; 4798
2; 3; 84; 34679
2; 3; 85; 4875
2; 3; 86; 4969
2; 3; 87; 5052
2; 3; 88; 5146
2; 3; 89; 5011
2; 3; 90; 1826
2; 3; 91; 4755
2; 3; 92; 4970
2; 3; 93; 4838
2; 3; 94; 15426
2; 3; 95; 5219
2; 3; 96; 30710
2; 3; 97; 29895
2; 3; 98; 4753
2; 3; 99; 5015
2; 3; 100; 4350
2; 3; 101; 8410
2; 3; 102; 2707
2; 3; 103; 15142
2; 3; 104; 4896
2; 3; 105; 6316
2; 3; 106; 7161
2; 3; 107; 4845
2; 3; 108; 0
1; 4; 1; 363
1; 4; 2; 23728
1; 4; 3; 0
1; 4; 4; 28495
1; 4; 5; 4842
1; 4; 6; 3140
1; 4; 7; 4829
1; 4; 8; 5542
1; 4; 9; 2627
1; 4; 10; 26241
1; 4; 11; 19546
1; 4; 12; 820
1; 4; 13; 5105
1; 4; 14; 5107
1; 4; 15; 5058
1; 4; 16; 8412
1; 4; 17; 4772
1; 4; 18; 19087
1; 4; 19; 5571
1; 4; 20; 8244
1; 4; 21; 28289
1; 4; 22; 5888
1; 4; 23; 5009
1; 4; 24; 28819
1; 4; 25; 7211
1; 4; 26; 4780
1; 4; 27; 34739
1; 4; 28; 4988
1; 4; 29; 29266
1; 4; 30; 24078
1; 4; 31; 4773
1; 4; 32; 7941
1; 4; 33; 5204
1; 4; 34; 4831
1; 4; 35; 8368
1; 4; 36; 8211
1; 4; 37; 325
1; 4; 38; 33532
1; 4; 39; 29032
1; 4; 40; 4800
1; 4; 41; 1663
1; 4; 42; 6136
1; 4; 43; 4903
1; 4; 44; 4783
1; 4; 45; 7541
1; 4; 46; 32285
1; 4; 47; 2306
1; 4; 48; 1727
1; 4; 49; 22342
1; 4; 50; 6865
1; 4; 51; 2621
1; 4; 52; 32102
1; 4; 53; 21276
1; 4; 54; 31023
1; 4; 55; 21701
1; 4; 56; 6144
1; 4; 57; 1875
1; 4; 58; 1876
1; 4; 59; 30238
1; 4; 60; 898
1; 4; 61; 5006
1; 4; 62; 5407
1; 4; 63; 18
1; 4; 64; 29730
1; 4; 65; 7953
1; 4; 66; 15940
1; 4; 67; 892
1; 4; 68; 4235
1; 4; 69; 27189
1; 4; 70; 7814
1; 4; 71; 7373
1; 4; 72; 7370
1; 4; 73; 26248
1; 4; 74; 887
1; 4; 75; 969
1; 4; 76; 909
1; 4; 77; 6129
1; 4; 78; 21179
1; 4; 79; 24306
1; 4; 80; 7357
1; 4; 81; 730
1; 4; 82; 19473
1; 4; 83; 317
1; 4; 84; 33203
1; 4; 85; 908
1; 4; 86; 907
1; 4; 87; 4815
1; 4; 88; 0
2; 4; 1; 2839
2; 4; 2; 21335
2; 4; 3; 16575
2; 4; 4; 28516
2; 4; 5; 5209
2; 4; 6; 2500
2; 4; 7; 7492
2; 4; 8; 4986
2; 4; 9; 16919
2; 4; 10; 20215
2; 4; 11; 28784
2; 4; 12; 16908
2; 4; 13; 4926
2; 4; 14; 4858
2; 4; 15; 1015
2; 4; 16; 1064
2; 4; 17; 31151
2; 4; 18; 7137
2; 4; 19; 20412
2; 4; 20; 32109
2; 4; 21; 34612
2; 4; 22; 811
2; 4; 23; 4088
2; 4; 24; 3333
2; 4; 25; 7133
2; 4; 26; 20533
2; 4; 27; 4736
2; 4; 28; 1230
2; 4; 29; 28198
2; 4; 30; 4454
2; 4; 31; 2593
2; 4; 32; 1336
2; 4; 33; 15945
2; 4; 34; 1247
2; 4; 35; 868
2; 4; 36; 1638
2; 4; 37; 2241
2; 4; 38; 33002
2; 4; 39; 2483
2; 4; 40; 8971
2; 4; 41; 1043
2; 4; 42; 812
2; 4; 43; 7646
2; 4; 44; 8131
2; 4; 45; 27365
2; 4; 46; 1221
2; 4; 47; 7747
2; 4; 48; 6828
2; 4; 49; 1085
2; 4; 50; 29626
2; 4; 51; 850
2; 4; 52; 808
2; 4; 53; 661
2; 4; 54; 34909
2; 4; 55; 919
2; 4; 56; 5037
2; 4; 57; 8365
2; 4; 58; 5053
2; 4; 59; 6587
2; 4; 60; 4935
2; 4; 61; 3292
2; 4; 62; 6010
2; 4; 63; 15487
2; 4; 64; 1601
2; 4; 65; 5636
2; 4; 66; 5159
2; 4; 67; 33211
2; 4; 68; 5178
2; 4; 69; 5050
2; 4; 70; 6603
2; 4; 71; 4608
2; 4; 72; 5109
2; 4; 73; 5061
2; 4; 74; 4991
2; 4; 75; 31898
2; 4; 76; 24120
2; 4; 77; 6925
2; 4; 78; 4879
2; 4; 79; 1758
2; 4; 80; 5055
2; 4; 81; 5097
2; 4; 82; 17201
2; 4; 83; 4750
2; 4; 84; 5111
2; 4; 85; 5141
2; 4; 86; 4985
2; 4; 87; 32601
2; 4; 88; 5004
2; 4; 89; 32702
2; 4; 90; 5339
2; 4; 91; 17095
2; 4; 92; 32606
2; 4; 93; 7300
2; 4; 94; 6147
2; 4; 95; 22171
2; 4; 96; 30968
2; 4; 97; 4904
2; 4; 98; 5564
2; 4; 99; 5142
2; 4; 100; 3046
2; 4; 101; 25195
2; 4; 102; 1755
2; 4; 103; 5555
2; 4; 104; 4955
2; 4; 105; 4857
2; 4; 106; 15272
2; 4; 107; 30809
2; 4; 108; 33849
2; 4; 109; 32809
2; 4; 110; 7617
2; 4; 111; 24021
2; 4; 112; 2091
2; 4; 113; 19836
2; 4; 114; 2682
2; 4; 115; 2680
2; 4; 116; 4825
2; 4; 117; 0
1; 5; 1; 25188
1; 5; 2; 33666
1; 5; 3; 7774
1; 5; 4; 4631
1; 5; 5; 6315
1; 5; 6; 20231
1; 5; 7; 5804
1; 5; 8; 8413
1; 5; 9; 5362
1; 5; 10; 5224
1; 5; 11; 26079
1; 5; 12; 2334
1; 5; 13; 5239
1; 5; 14; 29250
1; 5; 15; 6809
1; 5; 16; 32559
1; 5; 17; 5039
1; 5; 18; 17907
1; 5; 19; 5017
1; 5; 20; 4978
1; 5; 21; 4763
1; 5; 22; 6217
1; 5; 23; 895
1; 5; 24; 19987
1; 5; 25; 4994
1; 5; 26; 5144
1; 5; 27; 5832
1; 5; 28; 4844
1; 5; 29; 4934
1; 5; 30; 122
1; 5; 31; 31279
1; 5; 32; 25678
1; 5; 33; 34219
1; 5; 34; 4796
1; 5; 35; 7740
1; 5; 36; 30969
1; 5; 37; 31679
1; 5; 38; 1764
1; 5; 39; 4797
1; 5; 40; 17262
1; 5; 41; 5093
1; 5; 42; 31913
1; 5; 43; 5221
1; 5; 44; 33425
1; 5; 45; 20621
1; 5; 46; 6249
1; 5; 47; 4852
1; 5; 48; 31658
1; 5; 49; 31661
1; 5; 50; 27700
1; 5; 51; 31183
1; 5; 52; 29342
1; 5; 53; 936
1; 5; 54; 22751
1; 5; 55; 8363
1; 5; 56; 839
1; 5; 57; 25745
1; 5; 58; 972
1; 5; 59; 0
1; 5; 60; 33346
1; 5; 61; 19000
1; 5; 62; 1188
1; 5; 63; 33104
1; 5; 64; 15180
1; 5; 65; 880
1; 5; 66; 701
1; 5; 67; 4487
1; 5; 68; 20328
1; 5; 69; 33996
1; 5; 70; 34486
1; 5; 71; 697
1; 5; 72; 24295
1; 5; 73; 26862
1; 5; 74; 2728
1; 5; 75; 1255
1; 5; 76; 17541
1; 5; 77; 1280
1; 5; 78; 21300
1; 5; 79; 23852
1; 5; 80; 751
1; 5; 81; 30825
1; 5; 82; 1332
1; 5; 83; 31441
1; 5; 84; 24882
1; 5; 85; 30382
1; 5; 86; 7097
1; 5; 87; 5036
1; 5; 88; 1590
1; 5; 89; 4367
1; 5; 90; 205
1; 5; 91; 31136
1; 5; 92; 28517
1; 5; 93; 203
1; 5; 94; 17957
1; 5; 95; 2511
1; 5; 96; 26558
1; 5; 97; 34611
1; 5; 98; 33071
1; 5; 99; 4576
1; 5; 100; 29398
1; 5; 101; 395
1; 5; 102; 24229
1; 5; 103; 16062
1; 5; 104; 18963
1; 5; 105; 23590
1; 5; 106; 14927
1; 5; 107; 15958
1; 5; 108; 1605
1; 5; 109; 25543
1; 5; 110; 6270
1; 5; 111; 26317
1; 5; 112; 20963
1; 5; 113; 1256
1; 5; 114; 4618
1; 5; 115; 24705
1; 5; 116; 1246
1; 5; 117; 5792
1; 5; 118; 16673
1; 5; 119; 22253
1; 5; 120; 29744
1; 5; 121; 1018
1; 5; 122; 6169
1; 5; 123; 859
1; 5; 124; 21094
1; 5; 125; 16093
1; 5; 126; 17665
1; 5; 127; 5473
1; 5; 128; 1303
1; 5; 129; 27965
1; 5; 130; 26515
1; 5; 131; 30026
1; 5; 132; 23596
1; 5; 133; 33686
1; 5; 134; 22704
1; 5; 135; 22184
1; 5; 136; 0
2; 5; 1; 4981
2; 5; 2; 4911
2; 5; 3; 32778
2; 5; 4; 17969
2; 5; 5; 24162
2; 5; 6; 31663
2; 5; 7; 33236
2; 5; 8; 25213
2; 5; 9; 1374
2; 5; 10; 29647
2; 5; 11; 2741
2; 5; 12; 1264
2; 5; 13; 18006
2; 5; 14; 1083
2; 5; 15; 1211
2; 5; 16; 2939
2; 5; 17; 33926
2; 5; 18; 8497
2; 5; 19; 1335
2; 5; 20; 28007
2; 5; 21; 29885
2; 5; 22; 4337
2; 5; 23; 1583
2; 5; 24; 8290
2; 5; 25; 32127
2; 5; 26; 2259
2; 5; 27; 25248
2; 5; 28; 2188
2; 5; 29; 8202
2; 5; 30; 562
2; 5; 31; 620
2; 5; 32; 573
2; 5; 33; 34374
2; 5; 34; 30657
2; 5; 35; 18837
2; 5; 36; 17379
2; 5; 37; 7720
2; 5; 38; 34762
2; 5; 39; 1585
2; 5; 40; 795
2; 5; 41; 27327
2; 5; 42; 1895
2; 5; 43; 5861
2; 5; 44; 34841
2; 5; 45; 6272
2; 5; 46; 7308
2; 5; 47; 19155
2; 5; 48; 4801
2; 5; 49; 21967
2; 5; 50; 5226
2; 5; 51; 2836
2; 5; 52; 0
