1; 1; 1; 4825
1; 1; 2; 33686
1; 1; 3; 27965
1; 1; 4; 4814
1; 1; 5; 4823
1; 1; 6; 4829
1; 1; 7; 31267
1; 1; 8; 25248
1; 1; 9; 28061
1; 1; 10; 449
1; 1; 11; 7315
1; 1; 12; 1155
1; 1; 13; 31188
1; 1; 14; 7314
1; 1; 15; 7011
1; 1; 16; 571
1; 1; 17; 572
1; 1; 18; 8290
1; 1; 19; 7618
1; 1; 20; 1017
1; 1; 21; 6478
1; 1; 22; 25262
1; 1; 23; 537
1; 1; 24; 7437
1; 1; 25; 23795
1; 1; 26; 32127
1; 1; 27; 620
1; 1; 28; 2740
1; 1; 29; 584
1; 1; 30; 1174
1; 1; 31; 25584
1; 1; 32; 18715
1; 1; 33; 7205
1; 1; 34; 25743
1; 1; 35; 33839
1; 1; 36; 23988
1; 1; 37; 28987
1; 1; 38; 34389
1; 1; 39; 23876
1; 1; 40; 5762
1; 1; 41; 23862
1; 1; 42; 949
1; 1; 43; 19770
1; 1; 44; 6094
1; 1; 45; 1526
1; 1; 46; 24164
1; 1; 47; 8409
1; 1; 48; 30411
1; 1; 49; 7730
1; 1; 50; 5264
1; 1; 51; 25920
1; 1; 52; 32946
1; 1; 53; 6010
1; 1; 54; 820
1; 1; 55; 7104
1; 1; 56; 8030
1; 1; 57; 5111
1; 1; 58; 6315
1; 1; 59; 4815
1; 1; 60; 2184
1; 1; 61; 20512
1; 1; 62; 4852
1; 1; 63; 32823
1; 1; 64; 4773
1; 1; 65; 4977
1; 1; 66; 6147
1; 1; 67; 1959
1; 1; 68; 32559
1; 1; 69; 4783
1; 1; 70; 898
1; 1; 71; 5351
1; 1; 72; 5018
1; 1; 73; 4350
1; 1; 74; 15458
1; 1; 75; 895
1; 1; 76; 4796
1; 1; 77; 31663
1; 1; 78; 4974
1; 1; 79; 30026
1; 1; 80; 33666
1; 1; 81; 576
1; 1; 82; 25860
1; 1; 83; 1888
1; 1; 84; 31548
1; 1; 85; 22342
1; 1; 86; 17095
1; 1; 87; 31913
1; 1; 88; 1875
1; 1; 89; 4755
1; 1; 90; 2697
1; 1; 91; 26064
1; 1; 92; 5050
1; 1; 93; 0
1; 1; 94; 3223
1; 1; 95; 2314
1; 1; 96; 21701
1; 1; 97; 25195
1; 1; 98; 5788
1; 1; 99; 6888
1; 1; 100; 2707
1; 1; 101; 1755
1; 1; 102; 2306
1; 1; 103; 7740
1; 1; 104; 4748
1; 1; 105; 5339
1; 1; 106; 32606
1; 1; 107; 5362
1; 1; 108; 7953
1; 1; 109; 31279
1; 1; 110; 5175
1; 1; 111; 24078
1; 1; 112; 7309
1; 1; 113; 32889
1; 1; 114; 4800
1; 1; 115; 16575
1; 1; 116; 16919
1; 1; 117; 2500
1; 1; 118; 32774
1; 1; 119; 4782
1; 1; 120; 23728
1; 1; 121; 0
2; 1; 1; 114
2; 1; 2; 5209
2; 1; 3; 6340
2; 1; 4; 27327
2; 1; 5; 28315
2; 1; 6; 1625
2; 1; 7; 20231
2; 1; 8; 8211
2; 1; 9; 18
2; 1; 10; 4844
2; 1; 11; 6224
2; 1; 12; 24162
2; 1; 13; 5105
2; 1; 14; 5053
2; 1; 15; 26248
2; 1; 16; 7357
2; 1; 17; 7371
2; 1; 18; 2188
2; 1; 19; 34593
2; 1; 20; 23110
2; 1; 21; 1000
2; 1; 22; 4337
2; 1; 23; 2728
2; 1; 24; 24461
2; 1; 25; 18009
2; 1; 26; 1256
2; 1; 27; 30383
2; 1; 28; 24449
2; 1; 29; 31136
2; 1; 30; 29893
2; 1; 31; 33926
2; 1; 32; 8971
2; 1; 33; 34424
2; 1; 34; 747
2; 1; 35; 15180
2; 1; 36; 30824
2; 1; 37; 661
2; 1; 38; 32813
2; 1; 39; 33236
2; 1; 40; 1772
2; 1; 41; 15142
2; 1; 42; 19546
2; 1; 43; 31661
2; 1; 44; 31658
2; 1; 45; 0
1; 2; 1; 34672
1; 2; 2; 358
1; 2; 3; 361
1; 2; 4; 1726
1; 2; 5; 34582
1; 2; 6; 4878
1; 2; 7; 29175
1; 2; 8; 16132
1; 2; 9; 844
1; 2; 10; 1335
1; 2; 11; 31961
1; 2; 12; 1278
1; 2; 13; 20328
1; 2; 14; 24047
1; 2; 15; 34306
1; 2; 16; 8188
1; 2; 17; 811
1; 2; 18; 32109
1; 2; 19; 701
1; 2; 20; 1012
1; 2; 21; 8131
1; 2; 22; 7979
1; 2; 23; 8033
1; 2; 24; 29087
1; 2; 25; 33996
1; 2; 26; 8272
1; 2; 27; 1241
1; 2; 28; 31801
1; 2; 29; 868
1; 2; 30; 2483
1; 2; 31; 1336
1; 2; 32; 32096
1; 2; 33; 1246
1; 2; 34; 34504
1; 2; 35; 32711
1; 2; 36; 18720
1; 2; 37; 1228
1; 2; 38; 27958
1; 2; 39; 17733
1; 2; 40; 27561
1; 2; 41; 27158
1; 2; 42; 30440
1; 2; 43; 32261
1; 2; 44; 29399
1; 2; 45; 4576
1; 2; 46; 6428
1; 2; 47; 5296
1; 2; 48; 17714
1; 2; 49; 23590
1; 2; 50; 18963
1; 2; 51; 3197
1; 2; 52; 395
1; 2; 53; 25704
1; 2; 54; 17957
1; 2; 55; 34343
1; 2; 56; 1337
1; 2; 57; 21300
1; 2; 58; 4358
1; 2; 59; 1280
1; 2; 60; 24295
1; 2; 61; 8331
1; 2; 62; 5036
1; 2; 63; 15168
1; 2; 64; 28517
1; 2; 65; 32864
1; 2; 66; 697
1; 2; 67; 29885
1; 2; 68; 34366
1; 2; 69; 7316
1; 2; 70; 8607
1; 2; 71; 15631
1; 2; 72; 32300
1; 2; 73; 2652
1; 2; 74; 997
1; 2; 75; 20453
1; 2; 76; 851
1; 2; 77; 785
1; 2; 78; 34050
1; 2; 79; 1312
1; 2; 80; 3357
1; 2; 81; 1272
1; 2; 82; 24882
1; 2; 83; 7753
1; 2; 84; 8363
1; 2; 85; 7747
1; 2; 86; 26241
1; 2; 87; 15272
1; 2; 88; 32778
1; 2; 89; 33211
1; 2; 90; 4956
1; 2; 91; 4845
1; 2; 92; 6771
1; 2; 93; 4734
1; 2; 94; 0
1; 2; 95; 1854
1; 2; 96; 5729
1; 2; 97; 22171
1; 2; 98; 15940
1; 2; 99; 1805
1; 2; 100; 6286
1; 2; 101; 2316
1; 2; 102; 5189
1; 2; 103; 5407
1; 2; 104; 7308
1; 2; 105; 17262
1; 2; 106; 30875
1; 2; 107; 4970
1; 2; 108; 2091
1; 2; 109; 4235
1; 2; 110; 0
2; 2; 1; 21335
2; 2; 2; 25188
2; 2; 3; 363
2; 2; 4; 31461
2; 2; 5; 33849
2; 2; 6; 5080
2; 2; 7; 843
2; 2; 8; 1566
2; 2; 9; 21064
2; 2; 10; 809
2; 2; 11; 962
2; 2; 12; 597
2; 2; 13; 24119
2; 2; 14; 4953
2; 2; 15; 993
2; 2; 16; 31047
2; 2; 17; 8201
2; 2; 18; 32562
2; 2; 19; 7477
2; 2; 20; 34650
2; 2; 21; 15674
2; 2; 22; 538
2; 2; 23; 34199
2; 2; 24; 1324
2; 2; 25; 23391
2; 2; 26; 23702
2; 2; 27; 1066
2; 2; 28; 26706
2; 2; 29; 26862
2; 2; 30; 1332
2; 2; 31; 162
2; 2; 32; 1223
2; 2; 33; 5791
2; 2; 34; 1255
2; 2; 35; 24046
2; 2; 36; 891
2; 2; 37; 1334
2; 2; 38; 5679
2; 2; 39; 1269
2; 2; 40; 30089
2; 2; 41; 1924
2; 2; 42; 203
2; 2; 43; 3141
2; 2; 44; 4357
2; 2; 45; 29892
2; 2; 46; 7184
2; 2; 47; 5794
2; 2; 48; 6270
2; 2; 49; 20844
2; 2; 50; 778
2; 2; 51; 29839
2; 2; 52; 1268
2; 2; 53; 2516
2; 2; 54; 28007
2; 2; 55; 22253
2; 2; 56; 31588
2; 2; 57; 766
2; 2; 58; 2741
2; 2; 59; 27692
2; 2; 60; 5473
2; 2; 61; 880
2; 2; 62; 34669
2; 2; 63; 1745
2; 2; 64; 1734
2; 2; 65; 24120
2; 2; 66; 4763
2; 2; 67; 28289
2; 2; 68; 19377
2; 2; 69; 122
2; 2; 70; 1751
2; 2; 71; 1826
2; 2; 72; 17969
2; 2; 73; 5004
2; 2; 74; 34739
2; 2; 75; 4753
2; 2; 76; 5232
2; 2; 77; 33024
2; 2; 78; 4958
2; 2; 79; 26079
2; 2; 80; 4780
2; 2; 81; 23070
2; 2; 82; 8414
2; 2; 83; 5011
2; 2; 84; 24125
2; 2; 85; 1374
2; 2; 86; 25213
2; 2; 87; 23596
2; 2; 88; 22184
2; 2; 89; 4579
2; 2; 90; 15767
2; 2; 91; 24043
2; 2; 92; 5929
2; 2; 93; 1824
2; 2; 94; 0
1; 3; 1; 8368
1; 3; 2; 5856
1; 3; 3; 5038
1; 3; 4; 8413
1; 3; 5; 5636
1; 3; 6; 1663
1; 3; 7; 5056
1; 3; 8; 1732
1; 3; 9; 5239
1; 3; 10; 5107
1; 3; 11; 5012
1; 3; 12; 2757
1; 3; 13; 4772
1; 3; 14; 4991
1; 3; 15; 5058
1; 3; 16; 4608
1; 3; 17; 5152
1; 3; 18; 28125
1; 3; 19; 4879
1; 3; 20; 5092
1; 3; 21; 1758
1; 3; 22; 5049
1; 3; 23; 7300
1; 3; 24; 16697
1; 3; 25; 5052
1; 3; 26; 5861
1; 3; 27; 6136
1; 3; 28; 8327
1; 3; 29; 16607
1; 3; 30; 25678
1; 3; 31; 5039
1; 3; 32; 7480
1; 3; 33; 1771
1; 3; 34; 5166
1; 3; 35; 30370
1; 3; 36; 32601
1; 3; 37; 1760
1; 3; 38; 1995
1; 3; 39; 5221
1; 3; 40; 33425
1; 3; 41; 6249
1; 3; 42; 29266
1; 3; 43; 4934
1; 3; 44; 5201
1; 3; 45; 30152
1; 3; 46; 17907
1; 3; 47; 34679
1; 3; 48; 31679
1; 3; 49; 5114
1; 3; 50; 2832
1; 3; 51; 4831
1; 3; 52; 22296
1; 3; 53; 3018
1; 3; 54; 6395
1; 3; 55; 7161
1; 3; 56; 5983
1; 3; 57; 5190
1; 3; 58; 5205
1; 3; 59; 4950
1; 3; 60; 32538
1; 3; 61; 730
1; 3; 62; 19473
1; 3; 63; 7814
1; 3; 64; 1774
1; 3; 65; 875
1; 3; 66; 15074
1; 3; 67; 20215
1; 3; 68; 21343
1; 3; 69; 0
2; 3; 1; 4842
2; 3; 2; 33346
2; 3; 3; 29921
2; 3; 4; 17201
2; 3; 5; 32102
2; 3; 6; 5093
2; 3; 7; 4804
2; 3; 8; 2300
2; 3; 9; 4752
2; 3; 10; 34121
2; 3; 11; 3003
2; 3; 12; 5888
2; 3; 13; 6217
2; 3; 14; 7211
2; 3; 15; 27613
2; 3; 16; 4740
2; 3; 17; 5009
2; 3; 18; 8410
2; 3; 19; 5015
2; 3; 20; 5055
2; 3; 21; 19087
2; 3; 22; 5832
2; 3; 23; 5109
2; 3; 24; 4957
2; 3; 25; 4955
2; 3; 26; 4857
2; 3; 27; 7941
2; 3; 28; 20690
2; 3; 29; 4907
2; 3; 30; 31663
2; 3; 31; 4910
2; 3; 32; 4987
2; 3; 33; 2949
2; 3; 34; 30968
2; 3; 35; 4904
2; 3; 36; 2621
2; 3; 37; 4751
2; 3; 38; 4750
2; 3; 39; 6925
2; 3; 40; 15825
2; 3; 41; 5127
2; 3; 42; 1739
2; 3; 43; 5146
2; 3; 44; 4895
2; 3; 45; 338
2; 3; 46; 25100
2; 3; 47; 21276
2; 3; 48; 21807
2; 3; 49; 31023
2; 3; 50; 20621
2; 3; 51; 3046
2; 3; 52; 6144
2; 3; 53; 5142
2; 3; 54; 5564
2; 3; 55; 1876
2; 3; 56; 5550
2; 3; 57; 4838
2; 3; 58; 25969
2; 3; 59; 4884
2; 3; 60; 8244
2; 3; 61; 4875
2; 3; 62; 15426
2; 3; 63; 8361
2; 3; 64; 3140
2; 3; 65; 5063
2; 3; 66; 31661
2; 3; 67; 4749
2; 3; 68; 4746
2; 3; 69; 4775
2; 3; 70; 32568
2; 3; 71; 5126
2; 3; 72; 4797
2; 3; 73; 26054
2; 3; 74; 5555
2; 3; 75; 4994
2; 3; 76; 6289
2; 3; 77; 26515
2; 3; 78; 28784
2; 3; 79; 26836
2; 3; 80; 3219
2; 3; 81; 7492
2; 3; 82; 28516
2; 3; 83; 16908
2; 3; 84; 30730
2; 3; 85; 4858
2; 3; 86; 5139
2; 3; 87; 5215
2; 3; 88; 5226
2; 3; 89; 33532
2; 3; 90; 2680
2; 3; 91; 4949
2; 3; 92; 7617
2; 3; 93; 8418
2; 3; 94; 892
2; 3; 95; 31658
2; 3; 96; 4851
2; 3; 97; 28082
2; 3; 98; 33666
2; 3; 99; 28899
2; 3; 100; 0
1; 4; 1; 7772
1; 4; 2; 4631
1; 4; 3; 34288
1; 4; 4; 24118
1; 4; 5; 33104
1; 4; 6; 4234
1; 4; 7; 1015
1; 4; 8; 881
1; 4; 9; 34814
1; 4; 10; 936
1; 4; 11; 4201
1; 4; 12; 3308
1; 4; 13; 934
1; 4; 14; 27137
1; 4; 15; 30812
1; 4; 16; 5882
1; 4; 17; 6828
1; 4; 18; 22751
1; 4; 19; 29342
1; 4; 20; 7424
1; 4; 21; 27100
1; 4; 22; 34612
1; 4; 23; 7505
1; 4; 24; 22483
1; 4; 25; 1522
1; 4; 26; 3333
1; 4; 27; 1584
1; 4; 28; 34544
1; 4; 29; 4319
1; 4; 30; 20533
1; 4; 31; 789
1; 4; 32; 4088
1; 4; 33; 23890
1; 4; 34; 5970
1; 4; 35; 8269
1; 4; 36; 8233
1; 4; 37; 32168
1; 4; 38; 7374
1; 4; 39; 817
1; 4; 40; 960
1; 4; 41; 935
1; 4; 42; 1013
1; 4; 43; 25908
1; 4; 44; 27465
1; 4; 45; 26414
1; 4; 46; 14930
1; 4; 47; 5037
1; 4; 48; 3292
1; 4; 49; 2682
1; 4; 50; 7740
1; 4; 51; 19697
1; 4; 52; 28819
1; 4; 53; 7953
1; 4; 54; 5097
1; 4; 55; 2334
1; 4; 56; 29250
1; 4; 57; 30528
1; 4; 58; 29035
1; 4; 59; 5140
1; 4; 60; 4801
1; 4; 61; 4767
1; 4; 62; 603
1; 4; 63; 5542
1; 4; 64; 19987
1; 4; 65; 5128
1; 4; 66; 5204
1; 4; 67; 16580
1; 4; 68; 23810
1; 4; 69; 0
1; 4; 70; 24021
1; 4; 71; 18872
1; 4; 72; 4524
1; 4; 73; 17541
1; 4; 74; 2094
1; 4; 75; 33954
1; 4; 76; 33162
1; 4; 77; 2939
1; 4; 78; 1211
1; 4; 79; 1590
1; 4; 80; 1041
1; 4; 81; 688
1; 4; 82; 6274
1; 4; 83; 121
1; 4; 84; 33071
1; 4; 85; 1517
1; 4; 86; 33947
1; 4; 87; 24180
1; 4; 88; 2188
1; 4; 89; 33206
1; 4; 90; 27124
1; 4; 91; 25776
1; 4; 92; 767
1; 4; 93; 27189
1; 4; 94; 887
1; 4; 95; 7365
1; 4; 96; 7357
1; 4; 97; 7372
1; 4; 98; 20793
1; 4; 99; 30710
1; 4; 100; 5787
1; 4; 101; 4985
1; 4; 102; 4935
1; 4; 103; 325
1; 4; 104; 34878
1; 4; 105; 2839
1; 4; 106; 28495
1; 4; 107; 33236
1; 4; 108; 0
2; 4; 1; 2699
2; 4; 2; 6498
2; 4; 3; 22704
2; 4; 4; 1212
2; 4; 5; 29032
2; 4; 6; 406
2; 4; 7; 7774
2; 4; 8; 19000
2; 4; 9; 1602
2; 4; 10; 31151
2; 4; 11; 16759
2; 4; 12; 7980
2; 4; 13; 34486
2; 4; 14; 25341
2; 4; 15; 23037
2; 4; 16; 31441
2; 4; 17; 23922
2; 4; 18; 8584
2; 4; 19; 883
2; 4; 20; 18887
2; 4; 21; 15945
2; 4; 22; 4779
2; 4; 23; 1273
2; 4; 24; 2714
2; 4; 25; 24358
2; 4; 26; 3134
2; 4; 27; 1264
2; 4; 28; 24044
2; 4; 29; 31904
2; 4; 30; 25465
2; 4; 31; 256
2; 4; 32; 25082
2; 4; 33; 21297
2; 4; 34; 31025
2; 4; 35; 31517
2; 4; 36; 26317
2; 4; 37; 30863
2; 4; 38; 2511
2; 4; 39; 23086
2; 4; 40; 32370
2; 4; 41; 3209
2; 4; 42; 33951
2; 4; 43; 15958
2; 4; 44; 23160
2; 4; 45; 33070
2; 4; 46; 1603
2; 4; 47; 28702
2; 4; 48; 1179
2; 4; 49; 882
2; 4; 50; 26265
2; 4; 51; 15265
2; 4; 52; 7791
2; 4; 53; 30657
2; 4; 54; 941
2; 4; 55; 29973
2; 4; 56; 17439
2; 4; 57; 30199
2; 4; 58; 944
2; 4; 59; 696
2; 4; 60; 943
2; 4; 61; 23982
2; 4; 62; 1005
2; 4; 63; 4721
2; 4; 64; 952
2; 4; 65; 8369
2; 4; 66; 33953
2; 4; 67; 940
2; 4; 68; 32949
2; 4; 69; 946
2; 4; 70; 945
2; 4; 71; 24163
2; 4; 72; 25505
2; 4; 73; 846
2; 4; 74; 984
2; 4; 75; 948
2; 4; 76; 25586
2; 4; 77; 550
2; 4; 78; 30815
2; 4; 79; 7072
2; 4; 80; 33976
2; 4; 81; 1720
2; 4; 82; 2259
2; 4; 83; 30375
2; 4; 84; 1934
2; 4; 85; 7237
2; 4; 86; 6955
2; 4; 87; 573
2; 4; 88; 552
2; 4; 89; 24528
2; 4; 90; 32560
2; 4; 91; 30872
2; 4; 92; 4945
2; 4; 93; 5176
2; 4; 94; 34458
2; 4; 95; 2627
2; 4; 96; 21967
2; 4; 97; 5131
2; 4; 98; 23728
2; 4; 99; 1585
2; 4; 100; 29730
2; 4; 101; 5006
2; 4; 102; 4969
2; 4; 103; 5005
2; 4; 104; 18
2; 4; 105; 6316
2; 4; 106; 5141
2; 4; 107; 5571
2; 4; 108; 8412
2; 4; 109; 5170
2; 4; 110; 5159
2; 4; 111; 5202
2; 4; 112; 30969
2; 4; 113; 34219
2; 4; 114; 4766
2; 4; 115; 5178
2; 4; 116; 4903
2; 4; 117; 2698
2; 4; 118; 1727
2; 4; 119; 2306
2; 4; 120; 31020
2; 4; 121; 0
1; 5; 1; 4981
1; 5; 2; 5804
1; 5; 3; 5048
1; 5; 4; 15487
1; 5; 5; 6359
1; 5; 6; 19155
1; 5; 7; 5144
1; 5; 8; 1601
1; 5; 9; 3349
1; 5; 10; 1903
1; 5; 11; 6168
1; 5; 12; 4986
1; 5; 13; 4926
1; 5; 14; 996
1; 5; 15; 26243
1; 5; 16; 31152
1; 5; 17; 1303
1; 5; 18; 7720
1; 5; 19; 4487
1; 5; 20; 812
1; 5; 21; 956
1; 5; 22; 2741
1; 5; 23; 32694
1; 5; 24; 1043
1; 5; 25; 16093
1; 5; 26; 33904
1; 5; 27; 24389
1; 5; 28; 1669
1; 5; 29; 508
1; 5; 30; 30165
1; 5; 31; 839
1; 5; 32; 1064
1; 5; 33; 1040
1; 5; 34; 7070
1; 5; 35; 17379
1; 5; 36; 835
1; 5; 37; 7137
1; 5; 38; 5792
1; 5; 39; 23106
1; 5; 40; 836
1; 5; 41; 30149
1; 5; 42; 8497
1; 5; 43; 1506
1; 5; 44; 4618
1; 5; 45; 6360
1; 5; 46; 20255
1; 5; 47; 33985
1; 5; 48; 5036
1; 5; 49; 22147
1; 5; 50; 16326
1; 5; 51; 933
1; 5; 52; 1268
1; 5; 53; 20963
1; 5; 54; 29204
1; 5; 55; 28022
1; 5; 56; 6895
1; 5; 57; 6181
1; 5; 58; 19441
1; 5; 59; 19168
1; 5; 60; 16062
1; 5; 61; 22771
1; 5; 62; 24322
1; 5; 63; 20457
1; 5; 64; 23852
1; 5; 65; 1255
1; 5; 66; 1083
1; 5; 67; 1007
1; 5; 68; 562
1; 5; 69; 5682
1; 5; 70; 31469
1; 5; 71; 5303
1; 5; 72; 15674
1; 5; 73; 1583
1; 5; 74; 2862
1; 5; 75; 7714
1; 5; 76; 768
1; 5; 77; 1067
1; 5; 78; 624
1; 5; 79; 22825
1; 5; 80; 574
1; 5; 81; 7430
1; 5; 82; 783
1; 5; 83; 1213
1; 5; 84; 30382
1; 5; 85; 1085
1; 5; 86; 33203
1; 5; 87; 5116
1; 5; 88; 5017
1; 5; 89; 4763
1; 5; 90; 6809
1; 5; 91; 6603
1; 5; 92; 30229
1; 5; 93; 4896
1; 5; 94; 34841
1; 5; 95; 4816
1; 5; 96; 6272
1; 5; 97; 15760
1; 5; 98; 5219
1; 5; 99; 4992
1; 5; 100; 2353
1; 5; 101; 1728
1; 5; 102; 4798
1; 5; 103; 4978
1; 5; 104; 20010
1; 5; 105; 1895
1; 5; 106; 29895
1; 5; 107; 6887
1; 5; 108; 4988
1; 5; 109; 31661
1; 5; 110; 32809
1; 5; 111; 31658
1; 5; 112; 2836
1; 5; 113; 0
1; 5; 114; 0
2; 5; 1; 1594
2; 5; 2; 8319
2; 5; 3; 5082
2; 5; 4; 7541
2; 5; 5; 32285
2; 5; 6; 1764
2; 5; 7; 3205
2; 5; 8; 2688
2; 5; 9; 972
2; 5; 10; 15911
2; 5; 11; 1065
2; 5; 12; 25745
2; 5; 13; 2456
2; 5; 14; 3348
2; 5; 15; 29626
2; 5; 16; 850
2; 5; 17; 1069
2; 5; 18; 32876
2; 5; 19; 526
2; 5; 20; 2212
2; 5; 21; 7040
2; 5; 22; 8202
2; 5; 23; 4354
2; 5; 24; 622
2; 5; 25; 6248
2; 5; 26; 34650
2; 5; 27; 1063
2; 5; 28; 33781
2; 5; 29; 6139
2; 5; 30; 5793
2; 5; 31; 26401
2; 5; 32; 16661
2; 5; 33; 5344
2; 5; 34; 23621
2; 5; 35; 29744
2; 5; 36; 6863
2; 5; 37; 6260
2; 5; 38; 1084
2; 5; 39; 16673
2; 5; 40; 751
2; 5; 41; 30365
2; 5; 42; 1246
2; 5; 43; 28007
2; 5; 44; 26190
2; 5; 45; 1267
2; 5; 46; 32973
2; 5; 47; 24294
2; 5; 48; 18006
2; 5; 49; 29839
2; 5; 50; 1957
2; 5; 51; 204
2; 5; 52; 4367
2; 5; 53; 30242
2; 5; 54; 6654
2; 5; 55; 26070
2; 5; 56; 733
2; 5; 57; 32895
2; 5; 58; 7009
2; 5; 59; 20412
2; 5; 60; 7709
2; 5; 61; 1378
2; 5; 62; 1731
2; 5; 63; 23990
2; 5; 64; 23955
2; 5; 65; 7083
2; 5; 66; 17665
2; 5; 67; 642
2; 5; 68; 31323
2; 5; 69; 32109
2; 5; 70; 18835
2; 5; 71; 7610
2; 5; 72; 30164
2; 5; 73; 18967
2; 5; 74; 1188
2; 5; 75; 8365
2; 5; 76; 6503
2; 5; 77; 4774
2; 5; 78; 19836
2; 5; 79; 31663
2; 5; 80; 795
2; 5; 81; 30809
2; 5; 82; 4824
2; 5; 83; 1407
2; 5; 84; 31898
2; 5; 85; 24120
2; 5; 86; 2539
2; 5; 87; 7308
2; 5; 88; 8141
2; 5; 89; 32702
2; 5; 90; 5224
2; 5; 91; 34910
2; 5; 92; 26079
2; 5; 93; 4911
2; 5; 94; 6865
2; 5; 95; 1181
2; 5; 96; 5010
2; 5; 97; 29509
2; 5; 98; 2100
2; 5; 99; 33666
2; 5; 100; 0
