1; 1; 1; 28899
1; 1; 2; 5878
1; 1; 3; 4234
1; 1; 4; 30812
1; 1; 5; 839
1; 1; 6; 1065
1; 1; 7; 934
1; 1; 8; 29626
1; 1; 9; 1085
1; 1; 10; 30382
1; 1; 11; 27700
1; 1; 12; 18967
1; 1; 13; 7610
1; 1; 14; 18835
1; 1; 15; 34424
1; 1; 16; 7374
1; 1; 17; 17665
1; 1; 18; 5473
1; 1; 19; 23880
1; 1; 20; 789
1; 1; 21; 20533
1; 1; 22; 935
1; 1; 23; 8971
1; 1; 24; 24705
1; 1; 25; 4779
1; 1; 26; 2516
1; 1; 27; 24461
1; 1; 28; 1332
1; 1; 29; 26706
1; 1; 30; 23106
1; 1; 31; 6863
1; 1; 32; 6169
1; 1; 33; 32096
1; 1; 34; 20419
1; 1; 35; 24322
1; 1; 36; 25082
1; 1; 37; 30383
1; 1; 38; 29839
1; 1; 39; 24449
1; 1; 40; 2728
1; 1; 41; 33926
1; 1; 42; 26862
1; 1; 43; 1068
1; 1; 44; 31833
1; 1; 45; 24822
1; 1; 46; 19441
1; 1; 47; 20844
1; 1; 48; 30440
1; 1; 49; 33951
1; 1; 50; 4359
1; 1; 51; 395
1; 1; 52; 5296
1; 1; 53; 26558
1; 1; 54; 29892
1; 1; 55; 121
1; 1; 56; 29398
1; 1; 57; 651
1; 1; 58; 18996
1; 1; 59; 29598
1; 1; 60; 1008
1; 1; 61; 4881
1; 1; 62; 30199
1; 1; 63; 597
1; 1; 64; 18715
1; 1; 65; 949
1; 1; 66; 26763
1; 1; 67; 19770
1; 1; 68; 15674
1; 1; 69; 27124
1; 1; 70; 33206
1; 1; 71; 7618
1; 1; 72; 1324
1; 1; 73; 2259
1; 1; 74; 23795
1; 1; 75; 15631
1; 1; 76; 572
1; 1; 77; 25262
1; 1; 78; 620
1; 1; 79; 5682
1; 1; 80; 573
1; 1; 81; 7315
1; 1; 82; 22825
1; 1; 83; 624
1; 1; 84; 7316
1; 1; 85; 574
1; 1; 86; 23391
1; 1; 87; 31441
1; 1; 88; 24882
1; 1; 89; 15911
1; 1; 90; 5139
1; 1; 91; 2836
1; 1; 92; 31658
1; 1; 93; 5226
1; 1; 94; 0
1; 1; 95; 28495
1; 1; 96; 7161
1; 1; 97; 8368
1; 1; 98; 22296
1; 1; 99; 4956
1; 1; 100; 5166
1; 1; 101; 24120
1; 1; 102; 1732
1; 1; 103; 5018
1; 1; 104; 4879
1; 1; 105; 18
1; 1; 106; 5097
1; 1; 107; 4884
1; 1; 108; 5555
1; 1; 109; 6888
1; 1; 110; 30969
1; 1; 111; 17907
1; 1; 112; 5159
1; 1; 113; 1888
1; 1; 114; 5127
1; 1; 115; 7541
1; 1; 116; 5550
1; 1; 117; 5142
1; 1; 118; 5082
1; 1; 119; 16697
1; 1; 120; 29266
1; 1; 121; 19836
1; 1; 122; 4823
1; 1; 123; 4981
1; 1; 124; 31661
1; 1; 125; 5542
1; 1; 126; 28784
1; 1; 127; 2699
1; 1; 128; 6771
1; 1; 129; 31663
1; 1; 130; 0
2; 1; 1; 7774
2; 1; 2; 5037
2; 1; 3; 26243
2; 1; 4; 1043
2; 1; 5; 32694
2; 1; 6; 33904
2; 1; 7; 23955
2; 1; 8; 23990
2; 1; 9; 7070
2; 1; 10; 7505
2; 1; 11; 22483
2; 1; 12; 23890
2; 1; 13; 20328
2; 1; 14; 7694
2; 1; 15; 1247
2; 1; 16; 1957
2; 1; 17; 1335
2; 1; 18; 5793
2; 1; 19; 804
2; 1; 20; 3357
2; 1; 21; 5036
2; 1; 22; 1268
2; 1; 23; 22147
2; 1; 24; 33954
2; 1; 25; 1337
2; 1; 26; 9490
2; 1; 27; 658
2; 1; 28; 6813
2; 1; 29; 984
2; 1; 30; 5185
2; 1; 31; 34331
2; 1; 32; 1526
2; 1; 33; 3115
2; 1; 34; 2740
2; 1; 35; 4354
2; 1; 36; 622
2; 1; 37; 4358
2; 1; 38; 1254
2; 1; 39; 4357
2; 1; 40; 17714
2; 1; 41; 5794
2; 1; 42; 23590
2; 1; 43; 25543
2; 1; 44; 27561
2; 1; 45; 32261
2; 1; 46; 3197
2; 1; 47; 30075
2; 1; 48; 6378
2; 1; 49; 8983
2; 1; 50; 33985
2; 1; 51; 8497
2; 1; 52; 2652
2; 1; 53; 1583
2; 1; 54; 537
2; 1; 55; 24180
2; 1; 56; 767
2; 1; 57; 30375
2; 1; 58; 34199
2; 1; 59; 7072
2; 1; 60; 1155
2; 1; 61; 1067
2; 1; 62; 1017
2; 1; 63; 34646
2; 1; 64; 7791
2; 1; 65; 30657
2; 1; 66; 34814
2; 1; 67; 1015
2; 1; 68; 1602
2; 1; 69; 4201
2; 1; 70; 22184
2; 1; 71; 30730
2; 1; 72; 33686
2; 1; 73; 4631
2; 1; 74; 34910
2; 1; 75; 2316
2; 1; 76; 4977
2; 1; 77; 1824
2; 1; 78; 20793
2; 1; 79; 17969
2; 1; 80; 15940
2; 1; 81; 31679
2; 1; 82; 5012
2; 1; 83; 122
2; 1; 84; 7308
2; 1; 85; 23070
2; 1; 86; 28082
2; 1; 87; 5131
2; 1; 88; 2353
2; 1; 89; 5202
2; 1; 90; 33666
2; 1; 91; 30824
2; 1; 92; 960
2; 1; 93; 32109
2; 1; 94; 0
1; 2; 1; 2839
1; 2; 2; 7372
1; 2; 3; 887
1; 2; 4; 7357
1; 2; 5; 7714
1; 2; 6; 7314
1; 2; 7; 8201
1; 2; 8; 23726
1; 2; 9; 32300
1; 2; 10; 1720
1; 2; 11; 34593
1; 2; 12; 2188
1; 2; 13; 1174
1; 2; 14; 31136
1; 2; 15; 18009
1; 2; 16; 8331
1; 2; 17; 29893
1; 2; 18; 33162
1; 2; 19; 1221
1; 2; 20; 32895
1; 2; 21; 34612
1; 2; 22; 508
1; 2; 23; 34306
1; 2; 24; 31323
1; 2; 25; 34762
1; 2; 26; 361
1; 2; 27; 33236
1; 2; 28; 6603
1; 2; 29; 16607
1; 2; 30; 30238
1; 2; 31; 6272
1; 2; 32; 31913
1; 2; 33; 31548
1; 2; 34; 34739
1; 2; 35; 32702
1; 2; 36; 27613
1; 2; 37; 4350
1; 2; 38; 895
1; 2; 39; 4958
1; 2; 40; 15426
1; 2; 41; 5787
1; 2; 42; 5636
1; 2; 43; 5224
1; 2; 44; 31279
1; 2; 45; 8361
1; 2; 46; 7492
1; 2; 47; 0
1; 2; 48; 5004
1; 2; 49; 4763
1; 2; 50; 26079
1; 2; 51; 2334
1; 2; 52; 4772
1; 2; 53; 5105
1; 2; 54; 5107
1; 2; 55; 5109
1; 2; 56; 5832
1; 2; 57; 1181
1; 2; 58; 30809
1; 2; 59; 6315
1; 2; 60; 33532
1; 2; 61; 5205
1; 2; 62; 6503
1; 2; 63; 4907
1; 2; 64; 4851
1; 2; 65; 31461
1; 2; 66; 0
2; 2; 1; 7772
2; 2; 2; 23728
2; 2; 3; 4994
2; 2; 4; 4844
2; 2; 5; 28819
2; 2; 6; 7953
2; 2; 7; 5983
2; 2; 8; 30528
2; 2; 9; 4824
2; 2; 10; 6147
2; 2; 11; 6144
2; 2; 12; 25100
2; 2; 13; 1751
2; 2; 14; 4783
2; 2; 15; 4838
2; 2; 16; 30370
2; 2; 17; 7740
2; 2; 18; 1805
2; 2; 19; 2698
2; 2; 20; 17095
2; 2; 21; 5005
2; 2; 22; 30229
2; 2; 23; 22342
2; 2; 24; 6286
2; 2; 25; 33024
2; 2; 26; 5175
2; 2; 27; 5929
2; 2; 28; 6865
2; 2; 29; 5093
2; 2; 30; 4875
2; 2; 31; 1407
2; 2; 32; 5571
2; 2; 33; 5152
2; 2; 34; 1601
2; 2; 35; 2832
2; 2; 36; 3349
2; 2; 37; 5804
2; 2; 38; 5053
2; 2; 39; 24389
2; 2; 40; 8233
2; 2; 41; 26190
2; 2; 42; 930
2; 2; 43; 23922
2; 2; 44; 17379
2; 2; 45; 27692
2; 2; 46; 24047
2; 2; 47; 7083
2; 2; 48; 747
2; 2; 49; 701
2; 2; 50; 7009
2; 2; 51; 812
2; 2; 52; 956
2; 2; 53; 1522
2; 2; 54; 697
2; 2; 55; 30365
2; 2; 56; 2939
2; 2; 57; 851
2; 2; 58; 4618
2; 2; 59; 34504
2; 2; 60; 1506
2; 2; 61; 3045
2; 2; 62; 1603
2; 2; 63; 859
2; 2; 64; 836
2; 2; 65; 885
2; 2; 66; 1179
2; 2; 67; 28022
2; 2; 68; 4153
2; 2; 69; 6895
2; 2; 70; 27958
2; 2; 71; 16067
2; 2; 72; 17733
2; 2; 73; 26317
2; 2; 74; 6181
2; 2; 75; 6270
2; 2; 76; 32370
2; 2; 77; 577
2; 2; 78; 6064
2; 2; 79; 932
2; 2; 80; 33991
2; 2; 81; 8492
2; 2; 82; 28367
2; 2; 83; 5927
2; 2; 84; 19168
2; 2; 85; 25704
2; 2; 86; 24229
2; 2; 87; 2511
2; 2; 88; 30863
2; 2; 89; 17957
2; 2; 90; 23852
2; 2; 91; 29246
2; 2; 92; 16326
2; 2; 93; 1041
2; 2; 94; 1063
2; 2; 95; 783
2; 2; 96; 1264
2; 2; 97; 24046
2; 2; 98; 24044
2; 2; 99; 1066
2; 2; 100; 24295
2; 2; 101; 26070
2; 2; 102; 30165
2; 2; 103; 15180
2; 2; 104; 31152
2; 2; 105; 29087
2; 2; 106; 1064
2; 2; 107; 33104
2; 2; 108; 34909
2; 2; 109; 6587
2; 2; 110; 406
2; 2; 111; 5209
2; 2; 112; 30026
2; 2; 113; 1726
2; 2; 114; 0
1; 3; 1; 1854
1; 3; 2; 4985
1; 3; 3; 5111
1; 3; 4; 7617
1; 3; 5; 6340
1; 3; 6; 4749
1; 3; 7; 4750
1; 3; 8; 6249
1; 3; 9; 2621
1; 3; 10; 4911
1; 3; 11; 4992
1; 3; 12; 5189
1; 3; 13; 6925
1; 3; 14; 5009
1; 3; 15; 3003
1; 3; 16; 5564
1; 3; 17; 5011
1; 3; 18; 1739
1; 3; 19; 1760
1; 3; 20; 4797
1; 3; 21; 2682
1; 3; 22; 18872
1; 3; 23; 4825
1; 3; 24; 32774
1; 3; 25; 6168
1; 3; 26; 4524
1; 3; 27; 3295
1; 3; 28; 1213
1; 3; 29; 33781
1; 3; 30; 23155
1; 3; 31; 7237
1; 3; 32; 5264
1; 3; 33; 7011
1; 3; 34; 1517
1; 3; 35; 25248
1; 3; 36; 25776
1; 3; 37; 8290
1; 3; 38; 526
1; 3; 39; 19375
1; 3; 40; 948
1; 3; 41; 25505
1; 3; 42; 17439
1; 3; 43; 34389
1; 3; 44; 846
1; 3; 45; 24164
1; 3; 46; 964
1; 3; 47; 24119
1; 3; 48; 951
1; 3; 49; 944
1; 3; 50; 952
1; 3; 51; 2340
1; 3; 52; 28043
1; 3; 53; 33839
1; 3; 54; 32949
1; 3; 55; 23988
1; 3; 56; 31189
1; 3; 57; 8369
1; 3; 58; 33953
1; 3; 59; 993
1; 3; 60; 5576
1; 3; 61; 28987
1; 3; 62; 15093
1; 3; 63; 29911
1; 3; 64; 941
1; 3; 65; 7472
1; 3; 66; 6139
1; 3; 67; 5791
1; 3; 68; 30089
1; 3; 69; 32864
1; 3; 70; 18006
1; 3; 71; 28517
1; 3; 72; 1269
1; 3; 73; 751
1; 3; 74; 933
1; 3; 75; 1256
1; 3; 76; 34050
1; 3; 77; 15265
1; 3; 78; 31658
1; 3; 79; 19000
1; 3; 80; 7753
1; 3; 81; 8363
1; 3; 82; 7097
1; 3; 83; 1223
1; 3; 84; 27137
1; 3; 85; 1069
1; 3; 86; 32711
1; 3; 87; 3209
1; 3; 88; 16062
1; 3; 89; 6322
1; 3; 90; 34611
1; 3; 91; 21300
1; 3; 92; 32973
1; 3; 93; 785
1; 3; 94; 882
1; 3; 95; 868
1; 3; 96; 6260
1; 3; 97; 31588
1; 3; 98; 15945
1; 3; 99; 1211
1; 3; 100; 26401
1; 3; 101; 8269
1; 3; 102; 835
1; 3; 103; 7720
1; 3; 104; 8584
1; 3; 105; 7709
1; 3; 106; 33996
1; 3; 107; 20412
1; 3; 108; 1731
1; 3; 109; 25745
1; 3; 110; 1303
1; 3; 111; 4935
1; 3; 112; 31663
1; 3; 113; 0
2; 3; 1; 33346
2; 3; 2; 4926
2; 3; 3; 34582
2; 3; 4; 4814
2; 3; 5; 661
2; 3; 6; 24118
2; 3; 7; 29647
2; 3; 8; 14930
2; 3; 9; 25908
2; 3; 10; 30157
2; 3; 11; 18887
2; 3; 12; 29975
2; 3; 13; 22253
2; 3; 14; 883
2; 3; 15; 7133
2; 3; 16; 3333
2; 3; 17; 1584
2; 3; 18; 4088
2; 3; 19; 1013
2; 3; 20; 1378
2; 3; 21; 27100
2; 3; 22; 32168
2; 3; 23; 25341
2; 3; 24; 7137
2; 3; 25; 5970
2; 3; 26; 27365
2; 3; 27; 16759
2; 3; 28; 34669
2; 3; 29; 1188
2; 3; 30; 29175
2; 3; 31; 4949
2; 3; 32; 4746
2; 3; 33; 4950
2; 3; 34; 31661
2; 3; 35; 26241
2; 3; 36; 20512
2; 3; 37; 7941
2; 3; 38; 20690
2; 3; 39; 5141
2; 3; 40; 5204
2; 3; 41; 5856
2; 3; 42; 19697
2; 3; 43; 8141
2; 3; 44; 5351
2; 3; 45; 29250
2; 3; 46; 5140
2; 3; 47; 4857
2; 3; 48; 4957
2; 3; 49; 6395
2; 3; 50; 7104
2; 3; 51; 32809
2; 3; 52; 603
2; 3; 53; 2680
2; 3; 54; 8211
2; 3; 55; 4991
2; 3; 56; 7480
2; 3; 57; 5039
2; 3; 58; 4752
2; 3; 59; 33211
2; 3; 60; 15760
2; 3; 61; 3219
2; 3; 62; 23596
2; 3; 63; 16575
2; 3; 64; 4782
2; 3; 65; 4734
2; 3; 66; 1594
2; 3; 67; 358
2; 3; 68; 907
2; 3; 69; 1774
2; 3; 70; 1585
2; 3; 71; 4767
2; 3; 72; 4800
2; 3; 73; 4852
2; 3; 74; 4845
2; 3; 75; 32889
2; 3; 76; 32568
2; 3; 77; 8413
2; 3; 78; 820
2; 3; 79; 5729
2; 3; 80; 5056
2; 3; 81; 5055
2; 3; 82; 28289
2; 3; 83; 6809
2; 3; 84; 6217
2; 3; 85; 7211
2; 3; 86; 30152
2; 3; 87; 4804
2; 3; 88; 32601
2; 3; 89; 4775
2; 3; 90; 4773
2; 3; 91; 6010
2; 3; 92; 20621
2; 3; 93; 31023
2; 3; 94; 33425
2; 3; 95; 2314
2; 3; 96; 6498
2; 3; 97; 4579
2; 3; 98; 22704
2; 3; 99; 24021
2; 3; 100; 24043
2; 3; 101; 31020
2; 3; 102; 33666
2; 3; 103; 0
1; 4; 1; 15767
1; 4; 2; 16919
1; 4; 3; 20215
1; 4; 4; 25213
1; 4; 5; 28516
1; 4; 6; 21343
1; 4; 7; 114
1; 4; 8; 27965
1; 4; 9; 0
1; 4; 10; 8365
1; 4; 11; 27327
1; 4; 12; 21967
1; 4; 13; 4829
1; 4; 14; 20231
1; 4; 15; 1663
1; 4; 16; 31898
1; 4; 17; 2539
1; 4; 18; 2300
1; 4; 19; 32559
1; 4; 20; 5146
1; 4; 21; 898
1; 4; 22; 4903
1; 4; 23; 8412
1; 4; 24; 5190
1; 4; 25; 5339
1; 4; 26; 1755
1; 4; 27; 1772
1; 4; 28; 29730
1; 4; 29; 34219
1; 4; 30; 32560
1; 4; 31; 32127
1; 4; 32; 32735
1; 4; 33; 449
1; 4; 34; 6248
1; 4; 35; 34646
1; 4; 36; 768
1; 4; 37; 6478
1; 4; 38; 15674
1; 4; 39; 30814
1; 4; 40; 538
1; 4; 41; 25584
1; 4; 42; 2346
1; 4; 43; 6428
1; 4; 44; 33071
1; 4; 45; 27158
1; 4; 46; 24330
1; 4; 47; 6321
1; 4; 48; 34343
1; 4; 49; 1189
1; 4; 50; 3141
1; 4; 51; 5036
1; 4; 52; 1268
1; 4; 53; 5679
1; 4; 54; 6360
1; 4; 55; 1278
1; 4; 56; 30825
1; 4; 57; 1247
1; 4; 58; 20453
1; 4; 59; 6912
1; 4; 60; 29204
1; 4; 61; 204
1; 4; 62; 21297
1; 4; 63; 22771
1; 4; 64; 29839
1; 4; 65; 31900
1; 4; 66; 6654
1; 4; 67; 23086
1; 4; 68; 6274
1; 4; 69; 1334
1; 4; 70; 1280
1; 4; 71; 766
1; 4; 72; 31801
1; 4; 73; 1084
1; 4; 74; 1336
1; 4; 75; 5792
1; 4; 76; 25465
1; 4; 77; 1267
1; 4; 78; 1312
1; 4; 79; 3322
1; 4; 80; 143
1; 4; 81; 33070
1; 4; 82; 8333
1; 4; 83; 31961
1; 4; 84; 1241
1; 4; 85; 1518
1; 4; 86; 16093
1; 4; 87; 7424
1; 4; 88; 7980
1; 4; 89; 1012
1; 4; 90; 7979
1; 4; 91; 23037
1; 4; 92; 18837
1; 4; 93; 733
1; 4; 94; 5882
1; 4; 95; 22751
1; 4; 96; 16132
1; 4; 97; 0
2; 4; 1; 4842
2; 4; 2; 25188
2; 4; 3; 996
2; 4; 4; 1040
2; 4; 5; 7747
2; 4; 6; 1764
2; 4; 7; 20010
2; 4; 8; 5201
2; 4; 9; 4934
2; 4; 10; 7308
2; 4; 11; 5888
2; 4; 12; 24120
2; 4; 13; 5017
2; 4; 14; 18
2; 4; 15; 4780
2; 4; 16; 4970
2; 4; 17; 25860
2; 4; 18; 30875
2; 4; 19; 5788
2; 4; 20; 30968
2; 4; 21; 4766
2; 4; 22; 5861
2; 4; 23; 338
2; 4; 24; 1826
2; 4; 25; 4904
2; 4; 26; 6316
2; 4; 27; 28315
2; 4; 28; 16580
2; 4; 29; 1212
2; 4; 30; 26836
2; 4; 31; 2949
2; 4; 32; 325
2; 4; 33; 1758
2; 4; 34; 19377
2; 4; 35; 29035
2; 4; 36; 5114
2; 4; 37; 811
2; 4; 38; 1669
2; 4; 39; 32109
2; 4; 40; 642
2; 4; 41; 6828
2; 4; 42; 162
2; 4; 43; 8188
2; 4; 44; 880
2; 4; 45; 2483
2; 4; 46; 33002
2; 4; 47; 29885
2; 4; 48; 34366
2; 4; 49; 2714
2; 4; 50; 1590
2; 4; 51; 1083
2; 4; 52; 20457
2; 4; 53; 26265
2; 4; 54; 8435
2; 4; 55; 7184
2; 4; 56; 24042
2; 4; 57; 31025
2; 4; 58; 778
2; 4; 59; 256
2; 4; 60; 20963
2; 4; 61; 31904
2; 4; 62; 24358
2; 4; 63; 17541
2; 4; 64; 997
2; 4; 65; 4337
2; 4; 66; 141
2; 4; 67; 31507
2; 4; 68; 29973
2; 4; 69; 927
2; 4; 70; 5762
2; 4; 71; 21839
2; 4; 72; 31047
2; 4; 73; 942
2; 4; 74; 696
2; 4; 75; 644
2; 4; 76; 2524
2; 4; 77; 24257
2; 4; 78; 943
2; 4; 79; 4953
2; 4; 80; 23862
2; 4; 81; 5298
2; 4; 82; 1005
2; 4; 83; 7205
2; 4; 84; 33003
2; 4; 85; 34825
2; 4; 86; 34197
2; 4; 87; 30352
2; 4; 88; 30160
2; 4; 89; 33318
2; 4; 90; 865
2; 4; 91; 22341
2; 4; 92; 1640
2; 4; 93; 843
2; 4; 94; 3238
2; 4; 95; 809
2; 4; 96; 21064
2; 4; 97; 24163
2; 4; 98; 1139
2; 4; 99; 8409
2; 4; 100; 30815
2; 4; 101; 2212
2; 4; 102; 28061
2; 4; 103; 584
2; 4; 104; 23110
2; 4; 105; 31188
2; 4; 106; 33947
2; 4; 107; 562
2; 4; 108; 24528
2; 4; 109; 25920
2; 4; 110; 26248
2; 4; 111; 7365
2; 4; 112; 892
2; 4; 113; 0
1; 5; 1; 21335
1; 5; 2; 6587
1; 5; 3; 5232
1; 5; 4; 4801
1; 5; 5; 15487
1; 5; 6; 5048
1; 5; 7; 3018
1; 5; 8; 4831
1; 5; 9; 32946
1; 5; 10; 2188
1; 5; 11; 8202
1; 5; 12; 1934
1; 5; 13; 5303
1; 5; 14; 33976
1; 5; 15; 32876
1; 5; 16; 23726
1; 5; 17; 1000
1; 5; 18; 6955
1; 5; 19; 7730
1; 5; 20; 557
1; 5; 21; 31608
1; 5; 22; 203
1; 5; 23; 688
1; 5; 24; 15168
1; 5; 25; 1924
1; 5; 26; 20255
1; 5; 27; 24294
1; 5; 28; 1273
1; 5; 29; 30149
1; 5; 30; 1272
1; 5; 31; 7357
1; 5; 32; 8030
1; 5; 33; 25969
1; 5; 34; 34121
1; 5; 35; 6359
1; 5; 36; 19087
1; 5; 37; 5058
1; 5; 38; 4955
1; 5; 39; 7309
1; 5; 40; 2184
1; 5; 41; 32823
1; 5; 42; 31661
1; 5; 43; 1625
1; 5; 44; 0
1; 5; 45; 795
1; 5; 46; 4986
1; 5; 47; 4774
1; 5; 48; 31267
1; 5; 49; 5063
1; 5; 50; 6887
1; 5; 51; 8410
1; 5; 52; 1959
1; 5; 53; 5116
1; 5; 54; 7953
1; 5; 55; 34679
1; 5; 56; 4969
1; 5; 57; 5015
1; 5; 58; 29509
1; 5; 59; 8414
1; 5; 60; 8327
1; 5; 61; 1876
1; 5; 62; 26064
1; 5; 63; 4796
1; 5; 64; 15142
1; 5; 65; 4896
1; 5; 66; 32606
1; 5; 67; 1728
1; 5; 68; 22171
1; 5; 69; 4740
1; 5; 70; 5239
1; 5; 71; 34878
1; 5; 72; 23810
1; 5; 73; 972
1; 5; 74; 4858
1; 5; 75; 34288
1; 5; 76; 4878
1; 5; 77; 8418
1; 5; 78; 15272
1; 5; 79; 19546
1; 5; 80; 4815
1; 5; 81; 875
1; 5; 82; 30872
1; 5; 83; 730
1; 5; 84; 19473
1; 5; 85; 7814
1; 5; 86; 908
1; 5; 87; 27189
1; 5; 88; 32538
1; 5; 89; 28825
1; 5; 90; 33849
1; 5; 91; 32102
1; 5; 92; 17262
1; 5; 93; 30710
1; 5; 94; 5221
1; 5; 95; 21807
1; 5; 96; 3046
1; 5; 97; 21701
1; 5; 98; 25195
1; 5; 99; 0
2; 5; 1; 363
2; 5; 2; 1903
2; 5; 3; 4235
2; 5; 4; 2100
2; 5; 5; 3140
2; 5; 6; 1374
2; 5; 7; 34672
2; 5; 8; 33236
2; 5; 9; 32778
2; 5; 10; 1995
2; 5; 11; 7300
2; 5; 12; 1895
2; 5; 13; 5049
2; 5; 14; 4751
2; 5; 15; 8319
2; 5; 16; 4974
2; 5; 17; 29032
2; 5; 18; 15074
2; 5; 19; 26515
2; 5; 20; 6289
2; 5; 21; 1745
2; 5; 22; 1734
2; 5; 23; 7740
2; 5; 24; 29895
2; 5; 25; 29921
2; 5; 26; 16908
2; 5; 27; 2500
2; 5; 28; 31663
2; 5; 29; 34762
2; 5; 30; 5215
2; 5; 31; 4910
2; 5; 32; 4987
2; 5; 33; 5219
2; 5; 34; 26054
2; 5; 35; 17201
2; 5; 36; 5144
2; 5; 37; 5061
2; 5; 38; 19155
2; 5; 39; 4608
2; 5; 40; 5176
2; 5; 41; 4945
2; 5; 42; 4988
2; 5; 43; 24078
2; 5; 44; 5126
2; 5; 45; 1727
2; 5; 46; 25678
2; 5; 47; 2757
2; 5; 48; 8244
2; 5; 49; 4763
2; 5; 50; 5006
2; 5; 51; 24162
2; 5; 52; 5362
2; 5; 53; 576
2; 5; 54; 21276
2; 5; 55; 1875
2; 5; 56; 4816
2; 5; 57; 4755
2; 5; 58; 32285
2; 5; 59; 15825
2; 5; 60; 5052
2; 5; 61; 24125
2; 5; 62; 1771
2; 5; 63; 5050
2; 5; 64; 5178
2; 5; 65; 2697
2; 5; 66; 5010
2; 5; 67; 5407
2; 5; 68; 5080
2; 5; 69; 31658
2; 5; 70; 4978
2; 5; 71; 6224
2; 5; 72; 4748
2; 5; 73; 19987
2; 5; 74; 28125
2; 5; 75; 5170
2; 5; 76; 5128
2; 5; 77; 2688
2; 5; 78; 33666
2; 5; 79; 3223
2; 5; 80; 2627
2; 5; 81; 34458
2; 5; 82; 3292
2; 5; 83; 4753
2; 5; 84; 5092
2; 5; 85; 15458
2; 5; 86; 4798
2; 5; 87; 26079
2; 5; 88; 3205
2; 5; 89; 23728
2; 5; 90; 0
