1; 1; 1; 1188
1; 1; 2; 31151
1; 1; 3; 1040
1; 1; 4; 15911
1; 1; 5; 31183
1; 1; 6; 5882
1; 1; 7; 3348
1; 1; 8; 23922
1; 1; 9; 1255
1; 1; 10; 24046
1; 1; 11; 24044
1; 1; 12; 891
1; 1; 13; 15265
1; 1; 14; 733
1; 1; 15; 162
1; 1; 16; 1254
1; 1; 17; 1256
1; 1; 18; 20453
1; 1; 19; 8333
1; 1; 20; 34504
1; 1; 21; 18720
1; 1; 22; 5297
1; 1; 23; 23590
1; 1; 24; 19441
1; 1; 25; 26317
1; 1; 26; 24822
1; 1; 27; 2346
1; 1; 28; 121
1; 1; 29; 31833
1; 1; 30; 31025
1; 1; 31; 4357
1; 1; 32; 26265
1; 1; 33; 778
1; 1; 34; 34050
1; 1; 35; 24461
1; 1; 36; 18009
1; 1; 37; 30383
1; 1; 38; 16326
1; 1; 39; 7137
1; 1; 40; 31441
1; 1; 41; 8033
1; 1; 42; 32168
1; 1; 43; 1335
1; 1; 44; 697
1; 1; 45; 5793
1; 1; 46; 882
1; 1; 47; 203
1; 1; 48; 6912
1; 1; 49; 4367
1; 1; 50; 30242
1; 1; 51; 8497
1; 1; 52; 24358
1; 1; 53; 28007
1; 1; 54; 26706
1; 1; 55; 18887
1; 1; 56; 1084
1; 1; 57; 16673
1; 1; 58; 5792
1; 1; 59; 6260
1; 1; 60; 6169
1; 1; 61; 32096
1; 1; 62; 23955
1; 1; 63; 31661
1; 1; 64; 795
1; 1; 65; 27189
1; 1; 66; 32560
1; 1; 67; 19473
1; 1; 68; 1069
1; 1; 69; 1085
1; 1; 70; 1603
1; 1; 71; 1241
1; 1; 72; 1599
1; 1; 73; 1230
1; 1; 74; 4736
1; 1; 75; 20533
1; 1; 76; 4319
1; 1; 77; 1518
1; 1; 78; 27465
1; 1; 79; 25908
1; 1; 80; 17665
1; 1; 81; 7083
1; 1; 82; 34306
1; 1; 83; 747
1; 1; 84; 5215
1; 1; 85; 0
1; 1; 86; 23810
1; 1; 87; 2091
1; 1; 88; 7941
1; 1; 89; 5209
1; 1; 90; 30026
1; 1; 91; 33686
1; 1; 92; 29032
1; 1; 93; 24021
1; 1; 94; 892
1; 1; 95; 31658
1; 1; 96; 6587
1; 1; 97; 2682
1; 1; 98; 24078
1; 1; 99; 15458
1; 1; 100; 1732
1; 1; 101; 4763
1; 1; 102; 2306
1; 1; 103; 22171
1; 1; 104; 8410
1; 1; 105; 8319
1; 1; 106; 15487
1; 1; 107; 2832
1; 1; 108; 5048
1; 1; 109; 5636
1; 1; 110; 19987
1; 1; 111; 23070
1; 1; 112; 5012
1; 1; 113; 5351
1; 1; 114; 5146
1; 1; 115; 4895
1; 1; 116; 1875
1; 1; 117; 0
2; 1; 1; 28516
2; 1; 2; 8361
2; 1; 3; 2188
2; 1; 4; 23110
2; 1; 5; 23726
2; 1; 6; 1067
2; 1; 7; 550
2; 1; 8; 25776
2; 1; 9; 1517
2; 1; 10; 5264
2; 1; 11; 28043
2; 1; 12; 951
2; 1; 13; 597
2; 1; 14; 29911
2; 1; 15; 962
2; 1; 16; 696
2; 1; 17; 33740
2; 1; 18; 946
2; 1; 19; 16472
2; 1; 20; 21064
2; 1; 21; 4334
2; 1; 22; 3115
2; 1; 23; 34331
2; 1; 24; 4881
2; 1; 25; 927
2; 1; 26; 4974
2; 1; 27; 1903
2; 1; 28; 33666
2; 1; 29; 4829
2; 1; 30; 3292
2; 1; 31; 6359
2; 1; 32; 5116
2; 1; 33; 6925
2; 1; 34; 24162
2; 1; 35; 5128
2; 1; 36; 8413
2; 1; 37; 20231
2; 1; 38; 31663
2; 1; 39; 34762
2; 1; 40; 24118
2; 1; 41; 30382
2; 1; 42; 33162
2; 1; 43; 2714
2; 1; 44; 1247
2; 1; 45; 7133
2; 1; 46; 960
2; 1; 47; 0
1; 2; 1; 363
1; 2; 2; 4579
1; 2; 3; 22184
1; 2; 4; 16919
1; 2; 5; 7373
1; 2; 6; 26248
1; 2; 7; 7371
1; 2; 8; 7372
1; 2; 9; 30872
1; 2; 10; 22296
1; 2; 11; 3018
1; 2; 12; 7104
1; 2; 13; 29730
1; 2; 14; 1407
1; 2; 15; 5056
1; 2; 16; 5888
1; 2; 17; 7953
1; 2; 18; 6217
1; 2; 19; 24120
1; 2; 20; 8141
1; 2; 21; 7308
1; 2; 22; 5050
1; 2; 23; 1826
1; 2; 24; 898
1; 2; 25; 32559
1; 2; 26; 30370
1; 2; 27; 2757
1; 2; 28; 5362
1; 2; 29; 4748
1; 2; 30; 2627
1; 2; 31; 7309
1; 2; 32; 4235
1; 2; 33; 27327
1; 2; 34; 4950
1; 2; 35; 4823
1; 2; 36; 839
1; 2; 37; 22751
1; 2; 38; 34814
1; 2; 39; 936
1; 2; 40; 29342
1; 2; 41; 4201
1; 2; 42; 7097
1; 2; 43; 783
1; 2; 44; 4337
1; 2; 45; 18837
1; 2; 46; 7979
1; 2; 47; 5970
1; 2; 48; 34424
1; 2; 49; 8272
1; 2; 50; 34374
1; 2; 51; 2191
1; 2; 52; 2862
1; 2; 53; 23391
1; 2; 54; 1213
1; 2; 55; 24322
1; 2; 56; 25465
1; 2; 57; 6139
1; 2; 58; 1273
1; 2; 59; 34366
1; 2; 60; 1332
1; 2; 61; 31961
1; 2; 62; 33985
1; 2; 63; 23702
1; 2; 64; 1189
1; 2; 65; 31517
1; 2; 66; 29892
1; 2; 67; 33071
1; 2; 68; 30075
1; 2; 69; 2840
1; 2; 70; 33513
1; 2; 71; 25704
1; 2; 72; 24330
1; 2; 73; 33951
1; 2; 74; 25543
1; 2; 75; 6181
1; 2; 76; 20844
1; 2; 77; 15958
1; 2; 78; 27958
1; 2; 79; 33070
1; 2; 80; 28517
1; 2; 81; 33954
1; 2; 82; 6654
1; 2; 83; 5036
1; 2; 84; 29893
1; 2; 85; 30365
1; 2; 86; 933
1; 2; 87; 31136
1; 2; 88; 1506
1; 2; 89; 1280
1; 2; 90; 2094
1; 2; 91; 22771
1; 2; 92; 24294
1; 2; 93; 836
1; 2; 94; 26190
1; 2; 95; 851
1; 2; 96; 1246
1; 2; 97; 4779
1; 2; 98; 31801
1; 2; 99; 789
1; 2; 100; 23880
1; 2; 101; 5473
1; 2; 102; 811
1; 2; 103; 7610
1; 2; 104; 0
1; 2; 105; 0
2; 2; 1; 21335
2; 2; 2; 1212
2; 2; 3; 7492
2; 2; 4; 22704
2; 2; 5; 3140
2; 2; 6; 1585
2; 2; 7; 5232
2; 2; 8; 30809
2; 2; 9; 5109
2; 2; 10; 5175
2; 2; 11; 18
2; 2; 12; 17969
2; 2; 13; 2621
2; 2; 14; 1895
2; 2; 15; 1734
2; 2; 16; 5219
2; 2; 17; 6286
2; 2; 18; 1727
2; 2; 19; 4879
2; 2; 20; 5018
2; 2; 21; 31279
2; 2; 22; 28819
2; 2; 23; 32601
2; 2; 24; 7740
2; 2; 25; 6136
2; 2; 26; 5178
2; 2; 27; 6272
2; 2; 28; 4783
2; 2; 29; 32285
2; 2; 30; 5407
2; 2; 31; 26064
2; 2; 32; 16607
2; 2; 33; 1760
2; 2; 34; 26054
2; 2; 35; 6010
2; 2; 36; 4945
2; 2; 37; 5176
2; 2; 38; 26079
2; 2; 39; 17095
2; 2; 40; 4994
2; 2; 41; 29921
2; 2; 42; 20010
2; 2; 43; 4838
2; 2; 44; 6809
2; 2; 45; 4988
2; 2; 46; 4775
2; 2; 47; 34739
2; 2; 48; 5159
2; 2; 49; 6249
2; 2; 50; 6865
2; 2; 51; 28825
2; 2; 52; 33236
2; 2; 53; 30730
2; 2; 54; 21343
2; 2; 55; 28082
2; 2; 56; 23728
2; 2; 57; 34582
2; 2; 58; 19000
2; 2; 59; 972
2; 2; 60; 29647
2; 2; 61; 18835
2; 2; 62; 883
2; 2; 63; 935
2; 2; 64; 34612
2; 2; 65; 27365
2; 2; 66; 1064
2; 2; 67; 27700
2; 2; 68; 16132
2; 2; 69; 34669
2; 2; 70; 31152
2; 2; 71; 642
2; 2; 72; 508
2; 2; 73; 22483
2; 2; 74; 8233
2; 2; 75; 25341
2; 2; 76; 33827
2; 2; 77; 26862
2; 2; 78; 33926
2; 2; 79; 2939
2; 2; 80; 23456
2; 2; 81; 885
2; 2; 82; 5344
2; 2; 83; 28702
2; 2; 84; 32711
2; 2; 85; 751
2; 2; 86; 25082
2; 2; 87; 205
2; 2; 88; 688
2; 2; 89; 20963
2; 2; 90; 785
2; 2; 91; 32973
2; 2; 92; 2728
2; 2; 93; 4358
2; 2; 94; 30657
2; 2; 95; 7430
2; 2; 96; 3295
2; 2; 97; 7791
2; 2; 98; 33781
2; 2; 99; 1174
2; 2; 100; 997
2; 2; 101; 956
2; 2; 102; 33996
2; 2; 103; 18967
2; 2; 104; 5139
2; 2; 105; 0
1; 3; 1; 5114
1; 3; 2; 15272
1; 3; 3; 1625
1; 3; 4; 4524
1; 3; 5; 526
1; 3; 6; 8290
1; 3; 7; 7618
1; 3; 8; 34199
1; 3; 9; 620
1; 3; 10; 767
1; 3; 11; 572
1; 3; 12; 538
1; 3; 13; 7072
1; 3; 14; 1000
1; 3; 15; 33206
1; 3; 16; 32300
1; 3; 17; 25586
1; 3; 18; 25505
1; 3; 19; 24164
1; 3; 20; 5185
1; 3; 21; 5762
1; 3; 22; 21839
1; 3; 23; 9016
1; 3; 24; 17439
1; 3; 25; 30758
1; 3; 26; 24119
1; 3; 27; 7205
1; 3; 28; 23988
1; 3; 29; 8369
1; 3; 30; 993
1; 3; 31; 33953
1; 3; 32; 4340
1; 3; 33; 32950
1; 3; 34; 6813
1; 3; 35; 6378
1; 3; 36; 17733
1; 3; 37; 17714
1; 3; 38; 34611
1; 3; 39; 8983
1; 3; 40; 2516
1; 3; 41; 31900
1; 3; 42; 17541
1; 3; 43; 20255
1; 3; 44; 24295
1; 3; 45; 16661
1; 3; 46; 143
1; 3; 47; 1018
1; 3; 48; 31588
1; 3; 49; 22253
1; 3; 50; 2483
1; 3; 51; 8971
1; 3; 52; 24047
1; 3; 53; 27100
1; 3; 54; 7009
1; 3; 55; 23890
1; 3; 56; 29087
1; 3; 57; 1221
1; 3; 58; 32895
1; 3; 59; 24882
1; 3; 60; 804
1; 3; 61; 256
1; 3; 62; 1267
1; 3; 63; 7472
1; 3; 64; 1007
1; 3; 65; 7316
1; 3; 66; 7237
1; 3; 67; 32735
1; 3; 68; 1155
1; 3; 69; 7730
1; 3; 70; 7011
1; 3; 71; 31188
1; 3; 72; 537
1; 3; 73; 5682
1; 3; 74; 30375
1; 3; 75; 25920
1; 3; 76; 23795
1; 3; 77; 1720
1; 3; 78; 2259
1; 3; 79; 2100
1; 3; 80; 20215
1; 3; 81; 16908
1; 3; 82; 6340
1; 3; 83; 6315
1; 3; 84; 2698
1; 3; 85; 15142
1; 3; 86; 4970
1; 3; 87; 28289
1; 3; 88; 2334
1; 3; 89; 4955
1; 3; 90; 4772
1; 3; 91; 5832
1; 3; 92; 8412
1; 3; 93; 4857
1; 3; 94; 2184
1; 3; 95; 4907
1; 3; 96; 4746
1; 3; 97; 5063
1; 3; 98; 603
1; 3; 99; 25860
1; 3; 100; 32778
1; 3; 101; 25195
1; 3; 102; 3046
1; 3; 103; 5564
1; 3; 104; 30238
1; 3; 105; 34841
1; 3; 106; 24125
1; 3; 107; 33024
1; 3; 108; 5804
1; 3; 109; 0
2; 3; 1; 4831
2; 3; 2; 4750
2; 3; 3; 5166
2; 3; 4; 1805
2; 3; 5; 2707
2; 3; 6; 29509
2; 3; 7; 5005
2; 3; 8; 4751
2; 3; 9; 3349
2; 3; 10; 7161
2; 3; 11; 5226
2; 3; 12; 8365
2; 3; 13; 5053
2; 3; 14; 5131
2; 3; 15; 4852
2; 3; 16; 31663
2; 3; 17; 4992
2; 3; 18; 2353
2; 3; 19; 5224
2; 3; 20; 2539
2; 3; 21; 5009
2; 3; 22; 5006
2; 3; 23; 27613
2; 3; 24; 4824
2; 3; 25; 5190
2; 3; 26; 875
2; 3; 27; 33666
2; 3; 28; 31461
2; 3; 29; 4911
2; 3; 30; 31913
2; 3; 31; 31548
2; 3; 32; 5052
2; 3; 33; 6603
2; 3; 34; 1739
2; 3; 35; 5550
2; 3; 36; 7300
2; 3; 37; 4934
2; 3; 38; 19087
2; 3; 39; 5126
2; 3; 40; 4935
2; 3; 41; 31658
2; 3; 42; 31661
2; 3; 43; 4878
2; 3; 44; 25745
2; 3; 45; 30164
2; 3; 46; 880
2; 3; 47; 31323
2; 3; 48; 8188
2; 3; 49; 1731
2; 3; 50; 16759
2; 3; 51; 881
2; 3; 52; 1065
2; 3; 53; 8363
2; 3; 54; 34878
2; 3; 55; 33532
2; 3; 56; 406
2; 3; 57; 4782
2; 3; 58; 23596
2; 3; 59; 114
2; 3; 60; 32774
2; 3; 61; 1726
2; 3; 62; 2456
2; 3; 63; 1223
2; 3; 64; 930
2; 3; 65; 23037
2; 3; 66; 34486
2; 3; 67; 17379
2; 3; 68; 30149
2; 3; 69; 3045
2; 3; 70; 26401
2; 3; 71; 3357
2; 3; 72; 5791
2; 3; 73; 29246
2; 3; 74; 1957
2; 3; 75; 1068
2; 3; 76; 30863
2; 3; 77; 32370
2; 3; 78; 6270
2; 3; 79; 18963
2; 3; 80; 7184
2; 3; 81; 395
2; 3; 82; 2511
2; 3; 83; 26373
2; 3; 84; 1063
2; 3; 85; 571
2; 3; 86; 624
2; 3; 87; 22825
2; 3; 88; 4354
2; 3; 89; 25262
2; 3; 90; 7714
2; 3; 91; 2740
2; 3; 92; 33976
2; 3; 93; 5303
2; 3; 94; 7040
2; 3; 95; 8202
2; 3; 96; 768
2; 3; 97; 1583
2; 3; 98; 24528
2; 3; 99; 8607
2; 3; 100; 0
1; 4; 1; 28495
1; 4; 2; 2839
1; 4; 3; 3223
1; 4; 4; 7774
1; 4; 5; 15767
1; 4; 6; 25213
1; 4; 7; 26836
1; 4; 8; 24043
1; 4; 9; 2500
1; 4; 10; 26515
1; 4; 11; 4800
1; 4; 12; 6587
1; 4; 13; 4845
1; 4; 14; 5038
1; 4; 15; 4801
1; 4; 16; 20690
1; 4; 17; 5141
1; 4; 18; 6395
1; 4; 19; 5105
1; 4; 20; 5140
1; 4; 21; 5058
1; 4; 22; 4608
1; 4; 23; 5061
1; 4; 24; 29250
1; 4; 25; 4957
1; 4; 26; 1959
1; 4; 27; 7480
1; 4; 28; 5039
1; 4; 29; 4969
1; 4; 30; 4753
1; 4; 31; 5555
1; 4; 32; 1824
1; 4; 33; 32102
1; 4; 34; 1758
1; 4; 35; 15940
1; 4; 36; 5339
1; 4; 37; 4958
1; 4; 38; 5010
1; 4; 39; 5055
1; 4; 40; 5017
1; 4; 41; 6224
1; 4; 42; 5004
1; 4; 43; 4875
1; 4; 44; 4978
1; 4; 45; 32702
1; 4; 46; 7211
1; 4; 47; 25678
1; 4; 48; 7541
1; 4; 49; 25100
1; 4; 50; 1751
1; 4; 51; 4755
1; 4; 52; 5142
1; 4; 53; 6144
1; 4; 54; 16697
1; 4; 55; 338
1; 4; 56; 15825
1; 4; 57; 4766
1; 4; 58; 2697
1; 4; 59; 19697
1; 4; 60; 30152
1; 4; 61; 1771
1; 4; 62; 6887
1; 4; 63; 4977
1; 4; 64; 1181
1; 4; 65; 5729
1; 4; 66; 3003
1; 4; 67; 33211
1; 4; 68; 5201
1; 4; 69; 1755
1; 4; 70; 2306
1; 4; 71; 1745
1; 4; 72; 4896
1; 4; 73; 4797
1; 4; 74; 5093
1; 4; 75; 21701
1; 4; 76; 21807
1; 4; 77; 576
1; 4; 78; 32809
1; 4; 79; 19836
1; 4; 80; 31267
1; 4; 81; 1374
1; 4; 82; 0
1; 4; 83; 25188
1; 4; 84; 661
1; 4; 85; 7753
1; 4; 86; 30812
1; 4; 87; 6828
1; 4; 88; 3308
1; 4; 89; 27137
1; 4; 90; 30165
1; 4; 91; 7720
1; 4; 92; 7505
1; 4; 93; 23106
1; 4; 94; 20457
1; 4; 95; 1083
1; 4; 96; 1247
1; 4; 97; 28007
1; 4; 98; 29885
1; 4; 99; 6360
1; 4; 100; 26070
1; 4; 101; 1066
1; 4; 102; 1255
1; 4; 103; 31904
1; 4; 104; 1269
1; 4; 105; 21297
1; 4; 106; 15168
1; 4; 107; 32864
1; 4; 108; 24449
1; 4; 109; 27561
1; 4; 110; 5794
1; 4; 111; 30440
1; 4; 112; 17957
1; 4; 113; 16062
1; 4; 114; 6274
1; 4; 115; 3197
1; 4; 116; 6478
1; 4; 117; 573
1; 4; 118; 2188
1; 4; 119; 7437
1; 4; 120; 32127
1; 4; 121; 15631
1; 4; 122; 552
1; 4; 123; 32562
1; 4; 124; 622
1; 4; 125; 23726
1; 4; 126; 33947
1; 4; 127; 7314
1; 4; 128; 449
1; 4; 129; 32946
1; 4; 130; 1774
1; 4; 131; 32813
1; 4; 132; 4926
1; 4; 133; 34288
1; 4; 134; 6289
1; 4; 135; 4985
1; 4; 136; 5542
1; 4; 137; 0
2; 4; 1; 4842
2; 4; 2; 33346
2; 4; 3; 31020
2; 4; 4; 7772
2; 4; 5; 29175
2; 4; 6; 33104
2; 4; 7; 4234
2; 4; 8; 1015
2; 4; 9; 7747
2; 4; 10; 1602
2; 4; 11; 30824
2; 4; 12; 8269
2; 4; 13; 30089
2; 4; 14; 1334
2; 4; 15; 3134
2; 4; 16; 5679
2; 4; 17; 1924
2; 4; 18; 4618
2; 4; 19; 30825
2; 4; 20; 1278
2; 4; 21; 1211
2; 4; 22; 1312
2; 4; 23; 25584
2; 4; 24; 8201
2; 4; 25; 7477
2; 4; 26; 1017
2; 4; 27; 6248
2; 4; 28; 6955
2; 4; 29; 584
2; 4; 30; 27124
2; 4; 31; 33840
2; 4; 32; 6428
2; 4; 33; 19168
2; 4; 34; 4153
2; 4; 35; 34684
2; 4; 36; 28022
2; 4; 37; 18283
2; 4; 38; 1179
2; 4; 39; 29744
2; 4; 40; 2593
2; 4; 41; 1336
2; 4; 42; 868
2; 4; 43; 6863
2; 4; 44; 859
2; 4; 45; 20328
2; 4; 46; 812
2; 4; 47; 4487
2; 4; 48; 817
2; 4; 49; 7709
2; 4; 50; 1043
2; 4; 51; 1669
2; 4; 52; 16093
2; 4; 53; 30157
2; 4; 54; 5788
2; 4; 55; 4904
2; 4; 56; 29895
2; 4; 57; 2314
2; 4; 58; 1764
2; 4; 59; 122
2; 4; 60; 19377
2; 4; 61; 31679
2; 4; 62; 4350
2; 4; 63; 4798
2; 4; 64; 34679
2; 4; 65; 4763
2; 4; 66; 31898
2; 4; 67; 2316
2; 4; 68; 5015
2; 4; 69; 1888
2; 4; 70; 32606
2; 4; 71; 1728
2; 4; 72; 5092
2; 4; 73; 4844
2; 4; 74; 8244
2; 4; 75; 5983
2; 4; 76; 5107
2; 4; 77; 5144
2; 4; 78; 5202
2; 4; 79; 4796
2; 4; 80; 6888
2; 4; 81; 325
2; 4; 82; 820
2; 4; 83; 32568
2; 4; 84; 5111
2; 4; 85; 28315
2; 4; 86; 5127
2; 4; 87; 8414
2; 4; 88; 4956
2; 4; 89; 33849
2; 4; 90; 7617
2; 4; 91; 34762
2; 4; 92; 4949
2; 4; 93; 34458
2; 4; 94; 32823
2; 4; 95; 4631
2; 4; 96; 32889
2; 4; 97; 4910
2; 4; 98; 2949
2; 4; 99; 15074
2; 4; 100; 4825
2; 4; 101; 28784
2; 4; 102; 27965
2; 4; 103; 6498
2; 4; 104; 2699
2; 4; 105; 4851
2; 4; 106; 4815
2; 4; 107; 0
1; 5; 1; 361
1; 5; 2; 16575
1; 5; 3; 4734
1; 5; 4; 34672
1; 5; 5; 1594
1; 5; 6; 17907
1; 5; 7; 6147
1; 5; 8; 5239
1; 5; 9; 30528
1; 5; 10; 29035
1; 5; 11; 1601
1; 5; 12; 6316
1; 5; 13; 4773
1; 5; 14; 30229
1; 5; 15; 30968
1; 5; 16; 5097
1; 5; 17; 5152
1; 5; 18; 5571
1; 5; 19; 19546
1; 5; 20; 358
1; 5; 21; 28899
1; 5; 22; 17201
1; 5; 23; 28125
1; 5; 24; 19155
1; 5; 25; 4991
1; 5; 26; 34219
1; 5; 27; 4903
1; 5; 28; 25969
1; 5; 29; 24120
1; 5; 30; 4884
1; 5; 31; 4780
1; 5; 32; 15426
1; 5; 33; 34121
1; 5; 34; 17262
1; 5; 35; 1995
1; 5; 36; 30875
1; 5; 37; 21276
1; 5; 38; 20621
1; 5; 39; 5082
1; 5; 40; 1876
1; 5; 41; 4816
1; 5; 42; 8327
1; 5; 43; 5011
1; 5; 44; 5861
1; 5; 45; 30969
1; 5; 46; 34910
1; 5; 47; 33425
1; 5; 48; 31023
1; 5; 49; 16580
1; 5; 50; 32538
1; 5; 51; 31469
1; 5; 52; 562
1; 5; 53; 1934
1; 5; 54; 7315
1; 5; 55; 28061
1; 5; 56; 30411
1; 5; 57; 1324
1; 5; 58; 574
1; 5; 59; 7706
1; 5; 60; 19770
1; 5; 61; 948
1; 5; 62; 8409
1; 5; 63; 26763
1; 5; 64; 949
1; 5; 65; 23862
1; 5; 66; 29973
1; 5; 67; 32952
1; 5; 68; 943
1; 5; 69; 1200
1; 5; 70; 24257
1; 5; 71; 944
1; 5; 72; 940
1; 5; 73; 31189
1; 5; 74; 18715
1; 5; 75; 7226
1; 5; 76; 19186
1; 5; 77; 21589
1; 5; 78; 5927
1; 5; 79; 29399
1; 5; 80; 34343
1; 5; 81; 8435
1; 5; 82; 24042
1; 5; 83; 3209
1; 5; 84; 23160
1; 5; 85; 29204
1; 5; 86; 204
1; 5; 87; 18006
1; 5; 88; 23852
1; 5; 89; 21300
1; 5; 90; 1264
1; 5; 91; 1246
1; 5; 92; 15945
1; 5; 93; 5036
1; 5; 94; 24705
1; 5; 95; 33904
1; 5; 96; 1013
1; 5; 97; 23990
1; 5; 98; 20412
1; 5; 99; 8131
1; 5; 100; 1012
1; 5; 101; 835
1; 5; 102; 701
1; 5; 103; 24389
1; 5; 104; 1378
1; 5; 105; 5037
1; 5; 106; 8418
1; 5; 107; 18872
1; 5; 108; 2680
1; 5; 109; 20512
1; 5; 110; 31658
1; 5; 111; 4767
1; 5; 112; 4981
1; 5; 113; 31663
1; 5; 114; 5205
1; 5; 115; 0
1; 5; 116; 33666
1; 5; 117; 2836
1; 5; 118; 0
2; 5; 1; 2688
2; 5; 2; 6168
2; 5; 3; 3219
2; 5; 4; 6771
2; 5; 5; 4814
2; 5; 6; 996
2; 5; 7; 1303
2; 5; 8; 7424
2; 5; 9; 7070
2; 5; 10; 15180
2; 5; 11; 27692
2; 5; 12; 7694
2; 5; 13; 1522
2; 5; 14; 7374
2; 5; 15; 1272
2; 5; 16; 1590
2; 5; 17; 20419
2; 5; 18; 22147
2; 5; 19; 8331
2; 5; 20; 205
2; 5; 21; 3141
2; 5; 22; 26558
2; 5; 23; 6322
2; 5; 24; 23086
2; 5; 25; 24229
2; 5; 26; 27158
2; 5; 27; 32261
2; 5; 28; 28367
2; 5; 29; 9490
2; 5; 30; 658
2; 5; 31; 30199
2; 5; 32; 941
2; 5; 33; 952
2; 5; 34; 4721
2; 5; 35; 25743
2; 5; 36; 23982
2; 5; 37; 5908
2; 5; 38; 2340
2; 5; 39; 5576
2; 5; 40; 2524
2; 5; 41; 1005
2; 5; 42; 942
2; 5; 43; 31905
2; 5; 44; 33839
2; 5; 45; 30190
2; 5; 46; 33003
2; 5; 47; 30351
2; 5; 48; 30243
2; 5; 49; 34197
2; 5; 50; 34825
2; 5; 51; 24163
2; 5; 52; 945
2; 5; 53; 843
2; 5; 54; 809
2; 5; 55; 810
2; 5; 56; 24590
2; 5; 57; 846
2; 5; 58; 984
2; 5; 59; 32876
2; 5; 60; 23155
2; 5; 61; 2212
2; 5; 62; 34593
2; 5; 63; 25248
2; 5; 64; 2191
2; 5; 65; 730
2; 5; 66; 4987
2; 5; 67; 22342
2; 5; 68; 15760
2; 5; 69; 7308
2; 5; 70; 4752
2; 5; 71; 5049
2; 5; 72; 1663
2; 5; 73; 8368
2; 5; 74; 31661
2; 5; 75; 1772
2; 5; 76; 26079
2; 5; 77; 20793
2; 5; 78; 29266
2; 5; 79; 5787
2; 5; 80; 895
2; 5; 81; 7953
2; 5; 82; 2300
2; 5; 83; 4804
2; 5; 84; 5189
2; 5; 85; 8030
2; 5; 86; 5204
2; 5; 87; 5170
2; 5; 88; 5929
2; 5; 89; 3205
2; 5; 90; 7740
2; 5; 91; 18
2; 5; 92; 4740
2; 5; 93; 26241
2; 5; 94; 4986
2; 5; 95; 4749
2; 5; 96; 6503
2; 5; 97; 21967
2; 5; 98; 4774
2; 5; 99; 23728
2; 5; 100; 33236
2; 5; 101; 1854
2; 5; 102; 0
