1; 1; 1; 34672
1; 1; 2; 25188
1; 1; 3; 23596
1; 1; 4; 29032
1; 1; 5; 5209
1; 1; 6; 16575
1; 1; 7; 5205
1; 1; 8; 6340
1; 1; 9; 21967
1; 1; 10; 4950
1; 1; 11; 4829
1; 1; 12; 4981
1; 1; 13; 20231
1; 1; 14; 19546
1; 1; 15; 1601
1; 1; 16; 4750
1; 1; 17; 4780
1; 1; 18; 4884
1; 1; 19; 5159
1; 1; 20; 18
1; 1; 21; 1728
1; 1; 22; 4844
1; 1; 23; 4763
1; 1; 24; 5005
1; 1; 25; 4753
1; 1; 26; 3205
1; 1; 27; 16580
1; 1; 28; 4858
1; 1; 29; 5139
1; 1; 30; 972
1; 1; 31; 24118
1; 1; 32; 16132
1; 1; 33; 15911
1; 1; 34; 18967
1; 1; 35; 14930
1; 1; 36; 18835
1; 1; 37; 32109
1; 1; 38; 5473
1; 1; 39; 8188
1; 1; 40; 642
1; 1; 41; 27100
1; 1; 42; 7720
1; 1; 43; 34486
1; 1; 44; 7374
1; 1; 45; 1522
1; 1; 46; 21094
1; 1; 47; 33904
1; 1; 48; 1518
1; 1; 49; 34544
1; 1; 50; 32096
1; 1; 51; 18887
1; 1; 52; 4779
1; 1; 53; 15945
1; 1; 54; 28517
1; 1; 55; 1189
1; 1; 56; 27158
1; 1; 57; 32370
1; 1; 58; 6274
1; 1; 59; 27561
1; 1; 60; 34343
1; 1; 61; 33070
1; 1; 62; 34504
1; 1; 63; 1590
1; 1; 64; 785
1; 1; 65; 20963
1; 1; 66; 23852
1; 1; 67; 203
1; 1; 68; 33162
1; 1; 69; 1272
1; 1; 70; 20457
1; 1; 71; 29893
1; 1; 72; 20255
1; 1; 73; 26862
1; 1; 74; 24322
1; 1; 75; 21297
1; 1; 76; 4618
1; 1; 77; 34366
1; 1; 78; 30149
1; 1; 79; 1241
1; 1; 80; 1247
1; 1; 81; 836
1; 1; 82; 162
1; 1; 83; 31507
1; 1; 84; 34199
1; 1; 85; 8290
1; 1; 86; 538
1; 1; 87; 25776
1; 1; 88; 2259
1; 1; 89; 28061
1; 1; 90; 30411
1; 1; 91; 1324
1; 1; 92; 34650
1; 1; 93; 1067
1; 1; 94; 22825
1; 1; 95; 624
1; 1; 96; 7011
1; 1; 97; 33947
1; 1; 98; 25920
1; 1; 99; 19473
1; 1; 100; 16960
1; 1; 101; 7357
1; 1; 102; 31663
1; 1; 103; 0
1; 1; 104; 0
2; 1; 1; 4842
2; 1; 2; 25745
2; 1; 3; 30812
2; 1; 4; 34814
2; 1; 5; 1585
2; 1; 6; 21276
2; 1; 7; 21807
2; 1; 8; 5082
2; 1; 9; 5564
2; 1; 10; 25100
2; 1; 11; 5362
2; 1; 12; 34910
2; 1; 13; 26079
2; 1; 14; 7211
2; 1; 15; 16607
2; 1; 16; 1764
2; 1; 17; 29730
2; 1; 18; 15940
2; 1; 19; 2539
2; 1; 20; 28819
2; 1; 21; 34679
2; 1; 22; 15458
2; 1; 23; 5056
2; 1; 24; 1732
2; 1; 25; 5006
2; 1; 26; 28315
2; 1; 27; 5804
2; 1; 28; 33666
2; 1; 29; 32606
2; 1; 30; 7300
2; 1; 31; 4934
2; 1; 32; 19377
2; 1; 33; 5105
2; 1; 34; 4957
2; 1; 35; 30152
2; 1; 36; 4751
2; 1; 37; 2680
2; 1; 38; 4800
2; 1; 39; 31658
2; 1; 40; 34762
2; 1; 41; 34424
2; 1; 42; 2741
2; 1; 43; 1085
2; 1; 44; 29626
2; 1; 45; 30165
2; 1; 46; 30824
2; 1; 47; 747
2; 1; 48; 1303
2; 1; 49; 7424
2; 1; 50; 508
2; 1; 51; 812
2; 1; 52; 7009
2; 1; 53; 817
2; 1; 54; 17665
2; 1; 55; 7694
2; 1; 56; 31323
2; 1; 57; 7133
2; 1; 58; 883
2; 1; 59; 1599
2; 1; 60; 23621
2; 1; 61; 4153
2; 1; 62; 5344
2; 1; 63; 3322
2; 1; 64; 6321
2; 1; 65; 2511
2; 1; 66; 17957
2; 1; 67; 4357
2; 1; 68; 26265
2; 1; 69; 31156
2; 1; 70; 26706
2; 1; 71; 2516
2; 1; 72; 1083
2; 1; 73; 204
2; 1; 74; 1041
2; 1; 75; 1334
2; 1; 76; 1254
2; 1; 77; 34050
2; 1; 78; 804
2; 1; 79; 1069
2; 1; 80; 8363
2; 1; 81; 31661
2; 1; 82; 2949
2; 1; 83; 30872
2; 1; 84; 1774
2; 1; 85; 2500
2; 1; 86; 406
2; 1; 87; 16908
2; 1; 88; 26515
2; 1; 89; 22184
2; 1; 90; 23728
2; 1; 91; 28899
2; 1; 92; 0
1; 2; 1; 358
1; 2; 2; 2839
1; 2; 3; 2836
1; 2; 4; 363
1; 2; 5; 7774
1; 2; 6; 7772
1; 2; 7; 2316
1; 2; 8; 7953
1; 2; 9; 27613
1; 2; 10; 24162
1; 2; 11; 32702
1; 2; 12; 4804
1; 2; 13; 7308
1; 2; 14; 5201
1; 2; 15; 1745
1; 2; 16; 1772
1; 2; 17; 5202
1; 2; 18; 4740
1; 2; 19; 30528
1; 2; 20; 4608
1; 2; 21; 5152
1; 2; 22; 5107
1; 2; 23; 2334
1; 2; 24; 19087
1; 2; 25; 5166
1; 2; 26; 29921
1; 2; 27; 1181
1; 2; 28; 8211
1; 2; 29; 3018
1; 2; 30; 4831
1; 2; 31; 33211
1; 2; 32; 2306
1; 2; 33; 2757
1; 2; 34; 1824
1; 2; 35; 4958
1; 2; 36; 5239
1; 2; 37; 5571
1; 2; 38; 6359
1; 2; 39; 19155
1; 2; 40; 5058
1; 2; 41; 28125
1; 2; 42; 8412
1; 2; 43; 5832
1; 2; 44; 18872
1; 2; 45; 7309
1; 2; 46; 2627
1; 2; 47; 4910
1; 2; 48; 4987
1; 2; 49; 5015
1; 2; 50; 30875
1; 2; 51; 16697
1; 2; 52; 32559
1; 2; 53; 5141
1; 2; 54; 5204
1; 2; 55; 4775
1; 2; 56; 8368
1; 2; 57; 32568
1; 2; 58; 0
1; 2; 59; 32778
1; 2; 60; 29895
1; 2; 61; 8410
1; 2; 62; 5787
1; 2; 63; 7740
1; 2; 64; 33236
1; 2; 65; 6771
1; 2; 66; 795
1; 2; 67; 7617
1; 2; 68; 5063
1; 2; 69; 31267
1; 2; 70; 5131
1; 2; 71; 2188
1; 2; 72; 8202
1; 2; 73; 32562
1; 2; 74; 552
1; 2; 75; 2862
1; 2; 76; 1720
1; 2; 77; 7040
1; 2; 78; 1934
1; 2; 79; 7714
1; 2; 80; 23110
1; 2; 81; 768
1; 2; 82; 572
1; 2; 83; 2740
1; 2; 84; 7477
1; 2; 85; 1000
1; 2; 86; 3141
1; 2; 87; 25465
1; 2; 88; 24461
1; 2; 89; 24044
1; 2; 90; 33985
1; 2; 91; 6360
1; 2; 92; 2939
1; 2; 93; 18006
1; 2; 94; 751
1; 2; 95; 933
1; 2; 96; 1211
1; 2; 97; 1273
1; 2; 98; 29885
1; 2; 99; 882
1; 2; 100; 1269
1; 2; 101; 26190
1; 2; 102; 28007
1; 2; 103; 5793
1; 2; 104; 26070
1; 2; 105; 1043
1; 2; 106; 20412
1; 2; 107; 956
1; 2; 108; 835
1; 2; 109; 7979
1; 2; 110; 1223
1; 2; 111; 27137
1; 2; 112; 3308
1; 2; 113; 33104
1; 2; 114; 0
2; 2; 1; 3223
2; 2; 2; 33346
2; 2; 3; 2688
2; 2; 4; 4579
2; 2; 5; 8365
2; 2; 6; 603
2; 2; 7; 34288
2; 2; 8; 1726
2; 2; 9; 4782
2; 2; 10; 33686
2; 2; 11; 24043
2; 2; 12; 34458
2; 2; 13; 4746
2; 2; 14; 3292
2; 2; 15; 7941
2; 2; 16; 6316
2; 2; 17; 5048
2; 2; 18; 23070
2; 2; 19; 4748
2; 2; 20; 6887
2; 2; 21; 6809
2; 2; 22; 24120
2; 2; 23; 8244
2; 2; 24; 4945
2; 2; 25; 5061
2; 2; 26; 5109
2; 2; 27; 5170
2; 2; 28; 5140
2; 2; 29; 34841
2; 2; 30; 4895
2; 2; 31; 5550
2; 2; 32; 6603
2; 2; 33; 4970
2; 2; 34; 19697
2; 2; 35; 32601
2; 2; 36; 2707
2; 2; 37; 28289
2; 2; 38; 5224
2; 2; 39; 17969
2; 2; 40; 4994
2; 2; 41; 1758
2; 2; 42; 2353
2; 2; 43; 1805
2; 2; 44; 5555
2; 2; 45; 1734
2; 2; 46; 15142
2; 2; 47; 5009
2; 2; 48; 4992
2; 2; 49; 5128
2; 2; 50; 5055
2; 2; 51; 34121
2; 2; 52; 5116
2; 2; 53; 3349
2; 2; 54; 5053
2; 2; 55; 6315
2; 2; 56; 5080
2; 2; 57; 15825
2; 2; 58; 17262
2; 2; 59; 30229
2; 2; 60; 32102
2; 2; 61; 8030
2; 2; 62; 6587
2; 2; 63; 4907
2; 2; 64; 6503
2; 2; 65; 4767
2; 2; 66; 0
1; 3; 1; 31663
1; 3; 2; 1407
1; 3; 3; 22171
1; 3; 4; 31461
1; 3; 5; 20010
1; 3; 6; 5052
1; 3; 7; 1826
1; 3; 8; 5012
1; 3; 9; 895
1; 3; 10; 31898
1; 3; 11; 1625
1; 3; 12; 33849
1; 3; 13; 4935
1; 3; 14; 31661
1; 3; 15; 25908
1; 3; 16; 24047
1; 3; 17; 22483
1; 3; 18; 7505
1; 3; 19; 789
1; 3; 20; 6260
1; 3; 21; 24705
1; 3; 22; 6654
1; 3; 23; 5791
1; 3; 24; 24295
1; 3; 25; 1332
1; 3; 26; 1174
1; 3; 27; 1063
1; 3; 28; 783
1; 3; 29; 7430
1; 3; 30; 30382
1; 3; 31; 930
1; 3; 32; 8497
1; 3; 33; 697
1; 3; 34; 30089
1; 3; 35; 1280
1; 3; 36; 21300
1; 3; 37; 1256
1; 3; 38; 1264
1; 3; 39; 24046
1; 3; 40; 17541
1; 3; 41; 733
1; 3; 42; 23922
1; 3; 43; 881
1; 3; 44; 1065
1; 3; 45; 31151
1; 3; 46; 19000
1; 3; 47; 34582
1; 3; 48; 2699
1; 3; 49; 33666
1; 3; 50; 24180
1; 3; 51; 449
1; 3; 52; 6248
1; 3; 53; 7316
1; 3; 54; 32127
1; 3; 55; 526
1; 3; 56; 27124
1; 3; 57; 7618
1; 3; 58; 32300
1; 3; 59; 8409
1; 3; 60; 6813
1; 3; 61; 4953
1; 3; 62; 28043
1; 3; 63; 23988
1; 3; 64; 940
1; 3; 65; 18716
1; 3; 66; 865
1; 3; 67; 16472
1; 3; 68; 945
1; 3; 69; 1640
1; 3; 70; 24163
1; 3; 71; 809
1; 3; 72; 31905
1; 3; 73; 962
1; 3; 74; 18715
1; 3; 75; 696
1; 3; 76; 29911
1; 3; 77; 941
1; 3; 78; 597
1; 3; 79; 944
1; 3; 80; 24119
1; 3; 81; 964
1; 3; 82; 943
1; 3; 83; 32746
1; 3; 84; 33953
1; 3; 85; 30758
1; 3; 86; 1200
1; 3; 87; 24257
1; 3; 88; 2524
1; 3; 89; 8669
1; 3; 90; 17439
1; 3; 91; 33740
1; 3; 92; 4337
1; 3; 93; 26558
1; 3; 94; 29399
1; 3; 95; 7184
1; 3; 96; 16062
1; 3; 97; 6270
1; 3; 98; 31517
1; 3; 99; 31025
1; 3; 100; 1337
1; 3; 101; 4367
1; 3; 102; 1957
1; 3; 103; 16326
1; 3; 104; 15265
1; 3; 105; 5970
1; 3; 106; 25341
1; 3; 107; 8033
1; 3; 108; 23890
1; 3; 109; 0
2; 3; 1; 28495
2; 3; 2; 1594
2; 3; 3; 31020
2; 3; 4; 16919
2; 3; 5; 30026
2; 3; 6; 3219
2; 3; 7; 30730
2; 3; 8; 1374
2; 3; 9; 4949
2; 3; 10; 4823
2; 3; 11; 20215
2; 3; 12; 28784
2; 3; 13; 26836
2; 3; 14; 996
2; 3; 15; 661
2; 3; 16; 6168
2; 3; 17; 3140
2; 3; 18; 32809
2; 3; 19; 892
2; 3; 20; 4852
2; 3; 21; 31658
2; 3; 22; 4851
2; 3; 23; 20512
2; 3; 24; 2832
2; 3; 25; 4875
2; 3; 26; 5018
2; 3; 27; 3003
2; 3; 28; 5351
2; 3; 29; 17907
2; 3; 30; 4824
2; 3; 31; 4772
2; 3; 32; 29250
2; 3; 33; 5176
2; 3; 34; 29035
2; 3; 35; 29509
2; 3; 36; 5092
2; 3; 37; 22342
2; 3; 38; 4797
2; 3; 39; 4838
2; 3; 40; 31279
2; 3; 41; 5888
2; 3; 42; 4798
2; 3; 43; 6224
2; 3; 44; 4752
2; 3; 45; 5050
2; 3; 46; 7541
2; 3; 47; 4766
2; 3; 48; 122
2; 3; 49; 6925
2; 3; 50; 25969
2; 3; 51; 2698
2; 3; 52; 6249
2; 3; 53; 24078
2; 3; 54; 5038
2; 3; 55; 8418
2; 3; 56; 33532
2; 3; 57; 5636
2; 3; 58; 4977
2; 3; 59; 5111
2; 3; 60; 20690
2; 3; 61; 4974
2; 3; 62; 820
2; 3; 63; 8319
2; 3; 64; 4801
2; 3; 65; 6395
2; 3; 66; 34878
2; 3; 67; 1755
2; 3; 68; 1727
2; 3; 69; 5407
2; 3; 70; 5219
2; 3; 71; 19987
2; 3; 72; 8413
2; 3; 73; 4235
2; 3; 74; 4815
2; 3; 75; 875
2; 3; 76; 33203
2; 3; 77; 908
2; 3; 78; 907
2; 3; 79; 5114
2; 3; 80; 30809
2; 3; 81; 4879
2; 3; 82; 6888
2; 3; 83; 26054
2; 3; 84; 4956
2; 3; 85; 6010
2; 3; 86; 5126
2; 3; 87; 6286
2; 3; 88; 6865
2; 3; 89; 1959
2; 3; 90; 7480
2; 3; 91; 5039
2; 3; 92; 5729
2; 3; 93; 17201
2; 3; 94; 4796
2; 3; 95; 4969
2; 3; 96; 898
2; 3; 97; 1739
2; 3; 98; 20621
2; 3; 99; 31023
2; 3; 100; 5221
2; 3; 101; 21701
2; 3; 102; 2314
2; 3; 103; 1888
2; 3; 104; 5093
2; 3; 105; 1995
2; 3; 106; 5142
2; 3; 107; 6144
2; 3; 108; 28825
2; 3; 109; 0
1; 4; 1; 1854
1; 4; 2; 6498
1; 4; 3; 4986
1; 4; 4; 5226
1; 4; 5; 34762
1; 4; 6; 25213
1; 4; 7; 114
1; 4; 8; 15074
1; 4; 9; 28516
1; 4; 10; 21335
1; 4; 11; 22296
1; 4; 12; 4985
1; 4; 13; 325
1; 4; 14; 5339
1; 4; 15; 4350
1; 4; 16; 5010
1; 4; 17; 4763
1; 4; 18; 6217
1; 4; 19; 34219
1; 4; 20; 32285
1; 4; 21; 4783
1; 4; 22; 4755
1; 4; 23; 8327
1; 4; 24; 4896
1; 4; 25; 5049
1; 4; 26; 1895
1; 4; 27; 25678
1; 4; 28; 31548
1; 4; 29; 6147
1; 4; 30; 8141
1; 4; 31; 15426
1; 4; 32; 26064
1; 4; 33; 5127
1; 4; 34; 5011
1; 4; 35; 1751
1; 4; 36; 4816
1; 4; 37; 338
1; 4; 38; 30238
1; 4; 39; 1875
1; 4; 40; 3046
1; 4; 41; 25195
1; 4; 42; 30710
1; 4; 43; 30968
1; 4; 44; 20793
1; 4; 45; 25860
1; 4; 46; 1771
1; 4; 47; 17095
1; 4; 48; 4904
1; 4; 49; 2300
1; 4; 50; 29266
1; 4; 51; 19836
1; 4; 52; 0
1; 4; 53; 4878
1; 4; 54; 1188
1; 4; 55; 27700
1; 4; 56; 7747
1; 4; 57; 24882
1; 4; 58; 5882
1; 4; 59; 3348
1; 4; 60; 1312
1; 4; 61; 3357
1; 4; 62; 24358
1; 4; 63; 18009
1; 4; 64; 22147
1; 4; 65; 31136
1; 4; 66; 25082
1; 4; 67; 29246
1; 4; 68; 22771
1; 4; 69; 1924
1; 4; 70; 688
1; 4; 71; 1068
1; 4; 72; 30242
1; 4; 73; 5553
1; 4; 74; 28022
1; 4; 75; 18283
1; 4; 76; 753
1; 4; 77; 1179
1; 4; 78; 5297
1; 4; 79; 1228
1; 4; 80; 5532
1; 4; 81; 6064
1; 4; 82; 32261
1; 4; 83; 30075
1; 4; 84; 23086
1; 4; 85; 30440
1; 4; 86; 4318
1; 4; 87; 18963
1; 4; 88; 15031
1; 4; 89; 28985
1; 4; 90; 33513
1; 4; 91; 34611
1; 4; 92; 6428
1; 4; 93; 6322
1; 4; 94; 24229
1; 4; 95; 17714
1; 4; 96; 17733
1; 4; 97; 20844
1; 4; 98; 24822
1; 4; 99; 31833
1; 4; 100; 30863
1; 4; 101; 5296
1; 4; 102; 25543
1; 4; 103; 1605
1; 4; 104; 27958
1; 4; 105; 18720
1; 4; 106; 1603
1; 4; 107; 8333
1; 4; 108; 3045
1; 4; 109; 1335
1; 4; 110; 23106
1; 4; 111; 2593
1; 4; 112; 6863
1; 4; 113; 33827
1; 4; 114; 30825
1; 4; 115; 31156
1; 4; 116; 2714
1; 4; 117; 1267
1; 4; 118; 24294
1; 4; 119; 891
1; 4; 120; 23702
1; 4; 121; 853
1; 4; 122; 8131
1; 4; 123; 32895
1; 4; 124; 1221
1; 4; 125; 16759
1; 4; 126; 7980
1; 4; 127; 34612
1; 4; 128; 31152
1; 4; 129; 8272
1; 4; 130; 2741
1; 4; 131; 29087
1; 4; 132; 27692
1; 4; 133; 1731
1; 4; 134; 16093
1; 4; 135; 1584
1; 4; 136; 3333
1; 4; 137; 21094
1; 4; 138; 880
1; 4; 139; 24389
1; 4; 140; 1378
1; 4; 141; 30164
1; 4; 142; 5037
1; 4; 143; 5215
1; 4; 144; 4631
1; 4; 145; 0
2; 4; 1; 32889
2; 4; 2; 4911
2; 4; 3; 576
2; 4; 4; 33425
2; 4; 5; 2621
2; 4; 6; 7161
2; 4; 7; 5929
2; 4; 8; 5190
2; 4; 9; 15272
2; 4; 10; 4988
2; 4; 11; 30969
2; 4; 12; 26079
2; 4; 13; 18
2; 4; 14; 5017
2; 4; 15; 6136
2; 4; 16; 5861
2; 4; 17; 2697
2; 4; 18; 5542
2; 4; 19; 4814
2; 4; 20; 32813
2; 4; 21; 27965
2; 4; 22; 4825
2; 4; 23; 1602
2; 4; 24; 1015
2; 4; 25; 4234
2; 4; 26; 7753
2; 4; 27; 1040
2; 4; 28; 34669
2; 4; 29; 1669
2; 4; 30; 701
2; 4; 31; 32109
2; 4; 32; 960
2; 4; 33; 4487
2; 4; 34; 17379
2; 4; 35; 32168
2; 4; 36; 23880
2; 4; 37; 7709
2; 4; 38; 8584
2; 4; 39; 34306
2; 4; 40; 7083
2; 4; 41; 766
2; 4; 42; 1247
2; 4; 43; 3295
2; 4; 44; 34650
2; 4; 45; 7237
2; 4; 46; 30375
2; 4; 47; 562
2; 4; 48; 767
2; 4; 49; 31469
2; 4; 50; 15631
2; 4; 51; 4881
2; 4; 52; 23862
2; 4; 53; 949
2; 4; 54; 24164
2; 4; 55; 5185
2; 4; 56; 948
2; 4; 57; 31047
2; 4; 58; 28987
2; 4; 59; 25743
2; 4; 60; 952
2; 4; 61; 4721
2; 4; 62; 8369
2; 4; 63; 1005
2; 4; 64; 7205
2; 4; 65; 927
2; 4; 66; 9490
2; 4; 67; 32776
2; 4; 68; 28367
2; 4; 69; 18996
2; 4; 70; 29892
2; 4; 71; 121
2; 4; 72; 19168
2; 4; 73; 4359
2; 4; 74; 23590
2; 4; 75; 26317
2; 4; 76; 19441
2; 4; 77; 3209
2; 4; 78; 33951
2; 4; 79; 16661
2; 4; 80; 6895
2; 4; 81; 32711
2; 4; 82; 29204
2; 4; 83; 31904
2; 4; 84; 4358
2; 4; 85; 1066
2; 4; 86; 15168
2; 4; 87; 24449
2; 4; 88; 20453
2; 4; 89; 32864
2; 4; 90; 26401
2; 4; 91; 33926
2; 4; 92; 30365
2; 4; 93; 1278
2; 4; 94; 887
2; 4; 95; 7357
2; 4; 96; 7365
2; 4; 97; 32560
2; 4; 98; 2682
2; 4; 99; 2184
2; 4; 100; 4774
2; 4; 101; 23810
2; 4; 102; 22704
2; 4; 103; 32774
2; 4; 104; 23728
2; 4; 105; 0
1; 5; 1; 24021
1; 5; 2; 32538
1; 5; 3; 730
1; 5; 4; 8607
1; 5; 5; 573
1; 5; 6; 31188
1; 5; 7; 7730
1; 5; 8; 25262
1; 5; 9; 4354
1; 5; 10; 6955
1; 5; 11; 550
1; 5; 12; 32876
1; 5; 13; 574
1; 5; 14; 33840
1; 5; 15; 997
1; 5; 16; 30657
1; 5; 17; 1213
1; 5; 18; 7472
1; 5; 19; 1506
1; 5; 20; 8983
1; 5; 21; 33071
1; 5; 22; 24042
1; 5; 23; 3197
1; 5; 24; 395
1; 5; 25; 25704
1; 5; 26; 5794
1; 5; 27; 577
1; 5; 28; 32386
1; 5; 29; 143
1; 5; 30; 23456
1; 5; 31; 6912
1; 5; 32; 33954
1; 5; 33; 778
1; 5; 34; 30383
1; 5; 35; 8331
1; 5; 36; 5679
1; 5; 37; 31900
1; 5; 38; 3134
1; 5; 39; 32973
1; 5; 40; 2728
1; 5; 41; 851
1; 5; 42; 5792
1; 5; 43; 1084
1; 5; 44; 22253
1; 5; 45; 868
1; 5; 46; 31801
1; 5; 47; 29744
1; 5; 48; 6169
1; 5; 49; 31588
1; 5; 50; 4088
1; 5; 51; 23955
1; 5; 52; 31441
1; 5; 53; 7137
1; 5; 54; 27365
1; 5; 55; 1012
1; 5; 56; 8269
1; 5; 57; 20328
1; 5; 58; 32694
1; 5; 59; 18837
1; 5; 60; 6828
1; 5; 61; 31183
1; 5; 62; 4201
1; 5; 63; 1064
1; 5; 64; 839
1; 5; 65; 29175
1; 5; 66; 5232
1; 5; 67; 2091
1; 5; 68; 28082
1; 5; 69; 32823
1; 5; 70; 31658
1; 5; 71; 8361
1; 5; 72; 15487
1; 5; 73; 4857
1; 5; 74; 5144
1; 5; 75; 5175
1; 5; 76; 4955
1; 5; 77; 34739
1; 5; 78; 5189
1; 5; 79; 5004
1; 5; 80; 4978
1; 5; 81; 7104
1; 5; 82; 5788
1; 5; 83; 33666
1; 5; 84; 31661
1; 5; 85; 6289
1; 5; 86; 5983
1; 5; 87; 24120
1; 5; 88; 31679
1; 5; 89; 1903
1; 5; 90; 4749
1; 5; 91; 31663
1; 5; 92; 4734
1; 5; 93; 0
1; 5; 94; 26241
1; 5; 95; 5856
1; 5; 96; 1760
1; 5; 97; 7953
1; 5; 98; 2306
1; 5; 99; 7740
1; 5; 100; 5146
1; 5; 101; 4903
1; 5; 102; 24125
1; 5; 103; 8414
1; 5; 104; 31913
1; 5; 105; 1876
1; 5; 106; 6272
1; 5; 107; 5178
1; 5; 108; 6587
1; 5; 109; 4845
1; 5; 110; 33236
1; 5; 111; 27327
1; 5; 112; 0
2; 5; 1; 15767
2; 5; 2; 7492
2; 5; 3; 1212
2; 5; 4; 4773
2; 5; 5; 361
2; 5; 6; 24528
2; 5; 7; 2188
2; 5; 8; 7315
2; 5; 9; 32735
2; 5; 10; 1517
2; 5; 11; 5264
2; 5; 12; 5303
2; 5; 13; 34593
2; 5; 14; 2212
2; 5; 15; 620
2; 5; 16; 5682
2; 5; 17; 7314
2; 5; 18; 622
2; 5; 19; 584
2; 5; 20; 6478
2; 5; 21; 1583
2; 5; 22; 33206
2; 5; 23; 1017
2; 5; 24; 571
2; 5; 25; 1007
2; 5; 26; 2094
2; 5; 27; 256
2; 5; 28; 20419
2; 5; 29; 28007
2; 5; 30; 31961
2; 5; 31; 1638
2; 5; 32; 29975
2; 5; 33; 935
2; 5; 34; 1013
2; 5; 35; 33996
2; 5; 36; 7070
2; 5; 37; 23990
2; 5; 38; 811
2; 5; 39; 4926
2; 5; 40; 21343
2; 5; 41; 33024
2; 5; 42; 5097
2; 5; 43; 30370
2; 5; 44; 7308
2; 5; 45; 15760
2; 5; 46; 1663
2; 5; 47; 2100
2; 5; 48; 0
