1; 1; 1; 25188
1; 1; 2; 34288
1; 1; 3; 5037
1; 1; 4; 33666
1; 1; 5; 29647
1; 1; 6; 26243
1; 1; 7; 18835
1; 1; 8; 27465
1; 1; 9; 27692
1; 1; 10; 956
1; 1; 11; 8188
1; 1; 12; 1378
1; 1; 13; 701
1; 1; 14; 7505
1; 1; 15; 935
1; 1; 16; 31801
1; 1; 17; 1246
1; 1; 18; 836
1; 1; 19; 5036
1; 1; 20; 1083
1; 1; 21; 26265
1; 1; 22; 27561
1; 1; 23; 33951
1; 1; 24; 5773
1; 1; 25; 32261
1; 1; 26; 6378
1; 1; 27; 21589
1; 1; 28; 28367
1; 1; 29; 29399
1; 1; 30; 5296
1; 1; 31; 6428
1; 1; 32; 29892
1; 1; 33; 205
1; 1; 34; 4367
1; 1; 35; 1957
1; 1; 36; 33926
1; 1; 37; 26862
1; 1; 38; 30382
1; 1; 39; 1223
1; 1; 40; 508
1; 1; 41; 1522
1; 1; 42; 20328
1; 1; 43; 804
1; 1; 44; 5791
1; 1; 45; 1334
1; 1; 46; 24294
1; 1; 47; 3134
1; 1; 48; 891
1; 1; 49; 7430
1; 1; 50; 4337
1; 1; 51; 15674
1; 1; 52; 34650
1; 1; 53; 6248
1; 1; 54; 767
1; 1; 55; 887
1; 1; 56; 7370
1; 1; 57; 7357
1; 1; 58; 7355
1; 1; 59; 875
1; 1; 60; 4734
1; 1; 61; 4986
1; 1; 62; 34582
1; 1; 63; 6168
1; 1; 64; 6587
1; 1; 65; 1903
1; 1; 66; 4631
1; 1; 67; 31663
1; 1; 68; 6289
1; 1; 69; 1875
1; 1; 70; 338
1; 1; 71; 5050
1; 1; 72; 5729
1; 1; 73; 5010
1; 1; 74; 4780
1; 1; 75; 5351
1; 1; 76; 24078
1; 1; 77; 21807
1; 1; 78; 5221
1; 1; 79; 25860
1; 1; 80; 1995
1; 1; 81; 33211
1; 1; 82; 31679
1; 1; 83; 15142
1; 1; 84; 2698
1; 1; 85; 4884
1; 1; 86; 5116
1; 1; 87; 4934
1; 1; 88; 30370
1; 1; 89; 0
1; 1; 90; 4935
1; 1; 91; 5038
1; 1; 92; 33024
1; 1; 93; 5239
1; 1; 94; 28125
1; 1; 95; 5140
1; 1; 96; 5144
1; 1; 97; 3205
1; 1; 98; 32889
1; 1; 99; 28825
1; 1; 100; 1854
1; 1; 101; 7772
1; 1; 102; 31658
1; 1; 103; 0
2; 1; 1; 33236
2; 1; 2; 4852
2; 1; 3; 4977
2; 1; 4; 20010
2; 1; 5; 7740
2; 1; 6; 21276
2; 1; 7; 576
2; 1; 8; 32778
2; 1; 9; 20793
2; 1; 10; 29730
2; 1; 11; 4955
2; 1; 12; 5111
2; 1; 13; 31661
2; 1; 14; 5048
2; 1; 15; 5152
2; 1; 16; 5571
2; 1; 17; 5061
2; 1; 18; 19155
2; 1; 19; 19377
2; 1; 20; 5052
2; 1; 21; 6603
2; 1; 22; 22171
2; 1; 23; 4798
2; 1; 24; 1732
2; 1; 25; 24162
2; 1; 26; 6286
2; 1; 27; 5219
2; 1; 28; 29921
2; 1; 29; 7308
2; 1; 30; 32606
2; 1; 31; 34121
2; 1; 32; 1663
2; 1; 33; 4751
2; 1; 34; 8030
2; 1; 35; 1888
2; 1; 36; 5564
2; 1; 37; 1876
2; 1; 38; 4816
2; 1; 39; 6865
2; 1; 40; 28819
2; 1; 41; 6217
2; 1; 42; 34219
2; 1; 43; 24120
2; 1; 44; 26079
2; 1; 45; 1181
2; 1; 46; 3349
2; 1; 47; 817
2; 1; 48; 2741
2; 1; 49; 23890
2; 1; 50; 17379
2; 1; 51; 27365
2; 1; 52; 26706
2; 1; 53; 33162
2; 1; 54; 785
2; 1; 55; 29839
2; 1; 56; 15168
2; 1; 57; 28517
2; 1; 58; 3141
2; 1; 59; 31025
2; 1; 60; 17957
2; 1; 61; 5794
2; 1; 62; 23590
2; 1; 63; 30075
2; 1; 64; 395
2; 1; 65; 16062
2; 1; 66; 9490
2; 1; 67; 949
2; 1; 68; 31047
2; 1; 69; 33740
2; 1; 70; 31905
2; 1; 71; 597
2; 1; 72; 31051
2; 1; 73; 24257
2; 1; 74; 943
2; 1; 75; 24119
2; 1; 76; 4721
2; 1; 77; 33003
2; 1; 78; 809
2; 1; 79; 24163
2; 1; 80; 865
2; 1; 81; 33318
2; 1; 82; 18716
2; 1; 83; 28546
2; 1; 84; 948
2; 1; 85; 25586
2; 1; 86; 34593
2; 1; 87; 25920
2; 1; 88; 7314
2; 1; 89; 26046
2; 1; 90; 1155
2; 1; 91; 34646
2; 1; 92; 22825
2; 1; 93; 730
2; 1; 94; 21967
2; 1; 95; 5205
2; 1; 96; 28516
2; 1; 97; 15074
2; 1; 98; 4825
2; 1; 99; 6771
2; 1; 100; 0
1; 2; 1; 17201
1; 2; 2; 4796
1; 2; 3; 2621
1; 2; 4; 1772
1; 2; 5; 5339
1; 2; 6; 5015
1; 2; 7; 4753
1; 2; 8; 4879
1; 2; 9; 4978
1; 2; 10; 4763
1; 2; 11; 5056
1; 2; 12; 6809
1; 2; 13; 2300
1; 2; 14; 34739
1; 2; 15; 7953
1; 2; 16; 3003
1; 2; 17; 31898
1; 2; 18; 2306
1; 2; 19; 1805
1; 2; 20; 1745
1; 2; 21; 4797
1; 2; 22; 17969
1; 2; 23; 5983
1; 2; 24; 5058
1; 2; 25; 19987
1; 2; 26; 5407
1; 2; 27; 5929
1; 2; 28; 32568
1; 2; 29; 5804
1; 2; 30; 5141
1; 2; 31; 5175
1; 2; 32; 4945
1; 2; 33; 5176
1; 2; 34; 29035
1; 2; 35; 7373
1; 2; 36; 7359
1; 2; 37; 3357
1; 2; 38; 34050
1; 2; 39; 32973
1; 2; 40; 1256
1; 2; 41; 24461
1; 2; 42; 733
1; 2; 43; 8131
1; 2; 44; 5882
1; 2; 45; 6828
1; 2; 46; 4858
1; 2; 47; 30809
1; 2; 48; 15272
1; 2; 49; 5053
1; 2; 50; 24021
1; 2; 51; 4981
1; 2; 52; 4851
1; 2; 53; 28082
1; 2; 54; 25213
1; 2; 55; 24043
1; 2; 56; 0
1; 2; 57; 5139
1; 2; 58; 33104
1; 2; 59; 18967
1; 2; 60; 30164
1; 2; 61; 7610
1; 2; 62; 747
1; 2; 63; 1669
1; 2; 64; 23955
1; 2; 65; 23880
1; 2; 66; 7709
1; 2; 67; 34486
1; 2; 68; 5970
1; 2; 69; 18837
1; 2; 70; 22483
1; 2; 71; 23990
1; 2; 72; 34306
1; 2; 73; 4088
1; 2; 74; 20533
1; 2; 75; 868
1; 2; 76; 2593
1; 2; 77; 4454
1; 2; 78; 1018
1; 2; 79; 3045
1; 2; 80; 853
1; 2; 81; 6139
1; 2; 82; 34366
1; 2; 83; 8497
1; 2; 84; 5793
1; 2; 85; 1278
1; 2; 86; 1332
1; 2; 87; 1273
1; 2; 88; 20419
1; 2; 89; 2714
1; 2; 90; 1068
1; 2; 91; 751
1; 2; 92; 1924
1; 2; 93; 24449
1; 2; 94; 688
1; 2; 95; 204
1; 2; 96; 24322
1; 2; 97; 6912
1; 2; 98; 33954
1; 2; 99; 31961
1; 2; 100; 31136
1; 2; 101; 29246
1; 2; 102; 256
1; 2; 103; 30825
1; 2; 104; 21300
1; 2; 105; 30089
1; 2; 106; 26241
1; 2; 107; 34458
1; 2; 108; 25248
1; 2; 109; 449
1; 2; 110; 15631
1; 2; 111; 7437
1; 2; 112; 33976
1; 2; 113; 30815
1; 2; 114; 7618
1; 2; 115; 19375
1; 2; 116; 23155
1; 2; 117; 23726
1; 2; 118; 25262
1; 2; 119; 6955
1; 2; 120; 1007
1; 2; 121; 1174
1; 2; 122; 997
1; 2; 123; 1213
1; 2; 124; 7791
1; 2; 125; 162
1; 2; 126; 835
1; 2; 127; 30165
1; 2; 128; 936
1; 2; 129; 22751
1; 2; 130; 34814
1; 2; 131; 31183
1; 2; 132; 1602
1; 2; 133; 31151
1; 2; 134; 7747
1; 2; 135; 21335
1; 2; 136; 3223
1; 2; 137; 2688
1; 2; 138; 1594
1; 2; 139; 28495
1; 2; 140; 0
2; 2; 1; 23728
2; 2; 2; 34762
2; 2; 3; 361
2; 2; 4; 2839
2; 2; 5; 4987
2; 2; 6; 25969
2; 2; 7; 4752
2; 2; 8; 5189
2; 2; 9; 5128
2; 2; 10; 2188
2; 2; 11; 8202
2; 2; 12; 573
2; 2; 13; 7072
2; 2; 14; 8290
2; 2; 15; 24164
2; 2; 16; 23862
2; 2; 17; 6813
2; 2; 18; 927
2; 2; 19; 17439
2; 2; 20; 28043
2; 2; 21; 32746
2; 2; 22; 33953
2; 2; 23; 23982
2; 2; 24; 952
2; 2; 25; 23988
2; 2; 26; 33839
2; 2; 27; 946
2; 2; 28; 945
2; 2; 29; 1640
2; 2; 30; 4334
2; 2; 31; 843
2; 2; 32; 810
2; 2; 33; 941
2; 2; 34; 962
2; 2; 35; 932
2; 2; 36; 8492
2; 2; 37; 20844
2; 2; 38; 6270
2; 2; 39; 778
2; 2; 40; 30383
2; 2; 41; 31904
2; 2; 42; 1269
2; 2; 43; 23852
2; 2; 44; 1603
2; 2; 45; 30149
2; 2; 46; 1335
2; 2; 47; 24047
2; 2; 48; 34424
2; 2; 49; 7720
2; 2; 50; 32895
2; 2; 51; 1012
2; 2; 52; 3348
2; 2; 53; 2456
2; 2; 54; 0
1; 3; 1; 33346
1; 3; 2; 6503
1; 3; 3; 5131
1; 3; 4; 4910
1; 3; 5; 8410
1; 3; 6; 1407
1; 3; 7; 5017
1; 3; 8; 4985
1; 3; 9; 4775
1; 3; 10; 2682
1; 3; 11; 5226
1; 3; 12; 5232
1; 3; 13; 4815
1; 3; 14; 32538
1; 3; 15; 27189
1; 3; 16; 31469
1; 3; 17; 24180
1; 3; 18; 5682
1; 3; 19; 32946
1; 3; 20; 5264
1; 3; 21; 4354
1; 3; 22; 31188
1; 3; 23; 27124
1; 3; 24; 1017
1; 3; 25; 7477
1; 3; 26; 2862
1; 3; 27; 141
1; 3; 28; 34374
1; 3; 29; 6360
1; 3; 30; 1272
1; 3; 31; 933
1; 3; 32; 1228
1; 3; 33; 3209
1; 3; 34; 19441
1; 3; 35; 26317
1; 3; 36; 24822
1; 3; 37; 27158
1; 3; 38; 17714
1; 3; 39; 3197
1; 3; 40; 6274
1; 3; 41; 23086
1; 3; 42; 32370
1; 3; 43; 24229
1; 3; 44; 121
1; 3; 45; 4576
1; 3; 46; 33071
1; 3; 47; 1189
1; 3; 48; 1041
1; 3; 49; 5679
1; 3; 50; 32864
1; 3; 51; 2728
1; 3; 52; 18887
1; 3; 53; 766
1; 3; 54; 6863
1; 3; 55; 6169
1; 3; 56; 8971
1; 3; 57; 4319
1; 3; 58; 1518
1; 3; 59; 7424
1; 3; 60; 31152
1; 3; 61; 4487
1; 3; 62; 5473
1; 3; 63; 880
1; 3; 64; 15180
1; 3; 65; 34612
1; 3; 66; 16759
1; 3; 67; 1312
1; 3; 68; 4358
1; 3; 69; 26070
1; 3; 70; 32694
1; 3; 71; 812
1; 3; 72; 7009
1; 3; 73; 33996
1; 3; 74; 8269
1; 3; 75; 7979
1; 3; 76; 23037
1; 3; 77; 930
1; 3; 78; 7097
1; 3; 79; 844
1; 3; 80; 850
1; 3; 81; 1069
1; 3; 82; 29626
1; 3; 83; 3308
1; 3; 84; 30812
1; 3; 85; 1015
1; 3; 86; 881
1; 3; 87; 1040
1; 3; 88; 4234
1; 3; 89; 29175
1; 3; 90; 4878
1; 3; 91; 5215
1; 3; 92; 4749
1; 3; 93; 6395
1; 3; 94; 5105
1; 3; 95; 1959
1; 3; 96; 5039
1; 3; 97; 32559
1; 3; 98; 898
1; 3; 99; 8414
1; 3; 100; 5146
1; 3; 101; 5127
1; 3; 102; 4838
1; 3; 103; 6147
1; 3; 104; 2334
1; 3; 105; 1758
1; 3; 106; 34910
1; 3; 107; 5126
1; 3; 108; 32813
1; 3; 109; 4926
1; 3; 110; 3018
1; 3; 111; 5362
1; 3; 112; 5092
1; 3; 113; 31461
1; 3; 114; 7774
1; 3; 115; 2836
1; 3; 116; 4782
1; 3; 117; 4767
1; 3; 118; 19836
1; 3; 119; 3140
1; 3; 120; 0
2; 3; 1; 34672
2; 3; 2; 28899
2; 3; 3; 4746
2; 3; 4; 3292
2; 3; 5; 2949
2; 3; 6; 5542
2; 3; 7; 31267
2; 3; 8; 4950
2; 3; 9; 31658
2; 3; 10; 6316
2; 3; 11; 6887
2; 3; 12; 1826
2; 3; 13; 4755
2; 3; 14; 31661
2; 3; 15; 895
2; 3; 16; 5006
2; 3; 17; 27613
2; 3; 18; 30528
2; 3; 19; 7161
2; 3; 20; 4974
2; 3; 21; 2680
2; 3; 22; 6340
2; 3; 23; 33666
2; 3; 24; 4814
2; 3; 25; 7980
2; 3; 26; 1221
2; 3; 27; 32168
2; 3; 28; 8584
2; 3; 29; 1731
2; 3; 30; 33904
2; 3; 31; 6260
2; 3; 32; 31588
2; 3; 33; 32096
2; 3; 34; 2483
2; 3; 35; 1084
2; 3; 36; 16673
2; 3; 37; 203
2; 3; 38; 26401
2; 3; 39; 2939
2; 3; 40; 20255
2; 3; 41; 2516
2; 3; 42; 20453
2; 3; 43; 2094
2; 3; 44; 1211
2; 3; 45; 1264
2; 3; 46; 24044
2; 3; 47; 882
2; 3; 48; 1337
2; 3; 49; 6181
2; 3; 50; 17733
2; 3; 51; 25543
2; 3; 52; 6321
2; 3; 53; 7184
2; 3; 54; 26558
2; 3; 55; 29398
2; 3; 56; 26373
2; 3; 57; 4333
2; 3; 58; 1506
2; 3; 59; 30365
2; 3; 60; 33840
2; 3; 61; 571
2; 3; 62; 550
2; 3; 63; 23110
2; 3; 64; 768
2; 3; 65; 1324
2; 3; 66; 25776
2; 3; 67; 30411
2; 3; 68; 620
2; 3; 69; 7714
2; 3; 70; 537
2; 3; 71; 622
2; 3; 72; 7237
2; 3; 73; 23795
2; 3; 74; 32127
2; 3; 75; 34199
2; 3; 76; 7316
2; 3; 77; 23922
2; 3; 78; 25745
2; 3; 79; 7753
2; 3; 80; 1188
2; 3; 81; 31663
2; 3; 82; 4907
2; 3; 83; 795
2; 3; 84; 15911
2; 3; 85; 27700
2; 3; 86; 23810
2; 3; 87; 2699
2; 3; 88; 0
1; 4; 1; 20215
1; 4; 2; 28784
1; 4; 3; 406
1; 4; 4; 30730
1; 4; 5; 4774
1; 4; 6; 33236
1; 4; 7; 8365
1; 4; 8; 1726
1; 4; 9; 21343
1; 4; 10; 29032
1; 4; 11; 33686
1; 4; 12; 16908
1; 4; 13; 33532
1; 4; 14; 2627
1; 4; 15; 6315
1; 4; 16; 8368
1; 4; 17; 1625
1; 4; 18; 5204
1; 4; 19; 28315
1; 4; 20; 4957
1; 4; 21; 29250
1; 4; 22; 4772
1; 4; 23; 2832
1; 4; 24; 6010
1; 4; 25; 8319
1; 4; 26; 15426
1; 4; 27; 26079
1; 4; 28; 4350
1; 4; 29; 31279
1; 4; 30; 2316
1; 4; 31; 24120
1; 4; 32; 2539
1; 4; 33; 15940
1; 4; 34; 23070
1; 4; 35; 1755
1; 4; 36; 1734
1; 4; 37; 32285
1; 4; 38; 5550
1; 4; 39; 4903
1; 4; 40; 16607
1; 4; 41; 4895
1; 4; 42; 17907
1; 4; 43; 1764
1; 4; 44; 32601
1; 4; 45; 26054
1; 4; 46; 5159
1; 4; 47; 25195
1; 4; 48; 20621
1; 4; 49; 33425
1; 4; 50; 22704
1; 4; 51; 7492
1; 4; 52; 27965
1; 4; 53; 0
1; 4; 54; 661
1; 4; 55; 972
1; 4; 56; 996
1; 4; 57; 24118
1; 4; 58; 839
1; 4; 59; 30824
1; 4; 60; 1303
1; 4; 61; 31323
1; 4; 62; 1043
1; 4; 63; 642
1; 4; 64; 7070
1; 4; 65; 16093
1; 4; 66; 7083
1; 4; 67; 17665
1; 4; 68; 7694
1; 4; 69; 29087
1; 4; 70; 31441
1; 4; 71; 7137
1; 4; 72; 697
1; 4; 73; 4779
1; 4; 74; 24705
1; 4; 75; 15945
1; 4; 76; 23106
1; 4; 77; 22253
1; 4; 78; 1336
1; 4; 79; 3330
1; 4; 80; 33002
1; 4; 81; 5792
1; 4; 82; 1246
1; 4; 83; 6654
1; 4; 84; 34504
1; 4; 85; 1590
1; 4; 86; 1267
1; 4; 87; 1280
1; 4; 88; 18006
1; 4; 89; 22771
1; 4; 90; 29839
1; 4; 91; 25082
1; 4; 92; 16326
1; 4; 93; 8331
1; 4; 94; 29893
1; 4; 95; 5036
1; 4; 96; 22147
1; 4; 97; 17541
1; 4; 98; 1254
1; 4; 99; 24358
1; 4; 100; 1066
1; 4; 101; 23702
1; 4; 102; 15265
1; 4; 103; 33827
1; 4; 104; 783
1; 4; 105; 23391
1; 4; 106; 2652
1; 4; 107; 1063
1; 4; 108; 7472
1; 4; 109; 1000
1; 4; 110; 33206
1; 4; 111; 32300
1; 4; 112; 32876
1; 4; 113; 1720
1; 4; 114; 2259
1; 4; 115; 32562
1; 4; 116; 562
1; 4; 117; 30375
1; 4; 118; 1934
1; 4; 119; 28061
1; 4; 120; 33947
1; 4; 121; 8201
1; 4; 122; 1067
1; 4; 123; 624
1; 4; 124; 7730
1; 4; 125; 1517
1; 4; 126; 2740
1; 4; 127; 24528
1; 4; 128; 8607
1; 4; 129; 4831
1; 4; 130; 29266
1; 4; 131; 4988
1; 4; 132; 4992
1; 4; 133; 4994
1; 4; 134; 1728
1; 4; 135; 5201
1; 4; 136; 15825
1; 4; 137; 25100
1; 4; 138; 28289
1; 4; 139; 8244
1; 4; 140; 7308
1; 4; 141; 7480
1; 4; 142; 4991
1; 4; 143; 5114
1; 4; 144; 18872
1; 4; 145; 2091
1; 4; 146; 27327
1; 4; 147; 4823
1; 4; 148; 0
2; 4; 1; 603
2; 4; 2; 5063
2; 4; 3; 6587
2; 4; 4; 4235
2; 4; 5; 7104
2; 4; 6; 34878
2; 4; 7; 30710
2; 4; 8; 31023
2; 4; 9; 3046
2; 4; 10; 31913
2; 4; 11; 6144
2; 4; 12; 5082
2; 4; 13; 24125
2; 4; 14; 7300
2; 4; 15; 4896
2; 4; 16; 6888
2; 4; 17; 2707
2; 4; 18; 7740
2; 4; 19; 2757
2; 4; 20; 4958
2; 4; 21; 4748
2; 4; 22; 15458
2; 4; 23; 29509
2; 4; 24; 5012
2; 4; 25; 30152
2; 4; 26; 5788
2; 4; 27; 30968
2; 4; 28; 15760
2; 4; 29; 5109
2; 4; 30; 5832
2; 4; 31; 4740
2; 4; 32; 5097
2; 4; 33; 26046
2; 4; 34; 6478
2; 4; 35; 584
2; 4; 36; 5303
2; 4; 37; 32735
2; 4; 38; 7315
2; 4; 39; 34646
2; 4; 40; 34650
2; 4; 41; 574
2; 4; 42; 526
2; 4; 43; 538
2; 4; 44; 15674
2; 4; 45; 7706
2; 4; 46; 3115
2; 4; 47; 28546
2; 4; 48; 5185
2; 4; 49; 846
2; 4; 50; 26763
2; 4; 51; 24590
2; 4; 52; 5762
2; 4; 53; 21839
2; 4; 54; 29973
2; 4; 55; 5908
2; 4; 56; 1200
2; 4; 57; 5576
2; 4; 58; 28987
2; 4; 59; 8369
2; 4; 60; 34825
2; 4; 61; 940
2; 4; 62; 2524
2; 4; 63; 1005
2; 4; 64; 944
2; 4; 65; 18715
2; 4; 66; 696
2; 4; 67; 29911
2; 4; 68; 2346
2; 4; 69; 19168
2; 4; 70; 30863
2; 4; 71; 18963
2; 4; 72; 24330
2; 4; 73; 23160
2; 4; 74; 18720
2; 4; 75; 205
2; 4; 76; 25465
2; 4; 77; 20963
2; 4; 78; 29885
2; 4; 79; 1241
2; 4; 80; 883
2; 4; 81; 2741
2; 4; 82; 20412
2; 4; 83; 7374
2; 4; 84; 7371
2; 4; 85; 26248
2; 4; 86; 7357
2; 4; 87; 7355
2; 4; 88; 30872
2; 4; 89; 7617
2; 4; 90; 4800
2; 4; 91; 892
2; 4; 92; 16919
2; 4; 93; 3219
2; 4; 94; 30026
2; 4; 95; 26836
2; 4; 96; 0
1; 5; 1; 4842
1; 5; 2; 31020
1; 5; 3; 363
1; 5; 4; 358
1; 5; 5; 22184
1; 5; 6; 4579
1; 5; 7; 6498
1; 5; 8; 4904
1; 5; 9; 5049
1; 5; 10; 5166
1; 5; 11; 25678
1; 5; 12; 5861
1; 5; 13; 1751
1; 5; 14; 34841
1; 5; 15; 8327
1; 5; 16; 30238
1; 5; 17; 6272
1; 5; 18; 5011
1; 5; 19; 4766
1; 5; 20; 5178
1; 5; 21; 16697
1; 5; 22; 26064
1; 5; 23; 4970
1; 5; 24; 122
1; 5; 25; 5018
1; 5; 26; 5009
1; 5; 27; 5888
1; 5; 28; 5005
1; 5; 29; 4804
1; 5; 30; 19087
1; 5; 31; 4875
1; 5; 32; 5224
1; 5; 33; 4844
1; 5; 34; 5170
1; 5; 35; 15487
1; 5; 36; 8413
1; 5; 37; 5080
1; 5; 38; 2184
1; 5; 39; 4949
1; 5; 40; 34762
1; 5; 41; 1374
1; 5; 42; 8361
1; 5; 43; 33849
1; 5; 44; 4857
1; 5; 45; 4608
1; 5; 46; 5107
1; 5; 47; 8412
1; 5; 48; 6359
1; 5; 49; 8141
1; 5; 50; 2306
1; 5; 51; 1760
1; 5; 52; 1824
1; 5; 53; 6925
1; 5; 54; 29895
1; 5; 55; 6249
1; 5; 56; 22342
1; 5; 57; 820
1; 5; 58; 4801
1; 5; 59; 20512
1; 5; 60; 2100
1; 5; 61; 1585
1; 5; 62; 4845
1; 5; 63; 317
1; 5; 64; 33203
1; 5; 65; 1774
1; 5; 66; 19473
1; 5; 67; 969
1; 5; 68; 21179
1; 5; 69; 6129
1; 5; 70; 909
1; 5; 71; 16960
1; 5; 72; 7359
1; 5; 73; 7365
1; 5; 74; 26190
1; 5; 75; 851
1; 5; 76; 18009
1; 5; 77; 31900
1; 5; 78; 25341
1; 5; 79; 960
1; 5; 80; 20690
1; 5; 81; 16580
1; 5; 82; 5856
1; 5; 83; 5636
1; 5; 84; 325
1; 5; 85; 5787
1; 5; 86; 4783
1; 5; 87; 1739
1; 5; 88; 7541
1; 5; 89; 7941
1; 5; 90; 32774
1; 5; 91; 2500
1; 5; 92; 5209
1; 5; 93; 26515
1; 5; 94; 23596
1; 5; 95; 16575
1; 5; 96; 114
1; 5; 97; 8418
1; 5; 98; 7309
1; 5; 99; 0
1; 5; 100; 4829
1; 5; 101; 31658
1; 5; 102; 32823
1; 5; 103; 19546
1; 5; 104; 22296
1; 5; 105; 4773
1; 5; 106; 8211
1; 5; 107; 1601
1; 5; 108; 4956
1; 5; 109; 1895
1; 5; 110; 19697
1; 5; 111; 30875
1; 5; 112; 5093
1; 5; 113; 30229
1; 5; 114; 4911
1; 5; 115; 32102
1; 5; 116; 17095
1; 5; 117; 6224
1; 5; 118; 4763
1; 5; 119; 7211
1; 5; 120; 5555
1; 5; 121; 1771
1; 5; 122; 34679
1; 5; 123; 32702
1; 5; 124; 5055
1; 5; 125; 2353
1; 5; 126; 0
2; 5; 1; 1212
2; 5; 2; 8233
2; 5; 3; 33985
2; 5; 4; 24295
2; 5; 5; 4618
2; 5; 6; 21297
2; 5; 7; 24046
2; 5; 8; 29204
2; 5; 9; 2188
2; 5; 10; 7040
2; 5; 11; 2212
2; 5; 12; 1583
2; 5; 13; 572
2; 5; 14; 23726
2; 5; 15; 7011
2; 5; 16; 5202
2; 5; 17; 4750
2; 5; 18; 5190
2; 5; 19; 4824
2; 5; 20; 5004
2; 5; 21; 4969
2; 5; 22; 7953
2; 5; 23; 30969
2; 5; 24; 20231
2; 5; 25; 32809
2; 5; 26; 33666
2; 5; 27; 31663
2; 5; 28; 24882
2; 5; 29; 1064
2; 5; 30; 8363
2; 5; 31; 31661
2; 5; 32; 811
2; 5; 33; 24389
2; 5; 34; 27100
2; 5; 35; 34669
2; 5; 36; 16132
2; 5; 37; 23728
2; 5; 38; 0
