1; 1; 1; 4782
1; 1; 2; 26515
1; 1; 3; 16575
1; 1; 4; 25188
1; 1; 5; 22704
1; 1; 6; 32774
1; 1; 7; 4845
1; 1; 8; 4950
1; 1; 9; 5131
1; 1; 10; 29175
1; 1; 11; 29647
1; 1; 12; 7610
1; 1; 13; 34612
1; 1; 14; 7424
1; 1; 15; 1013
1; 1; 16; 1241
1; 1; 17; 23106
1; 1; 18; 26070
1; 1; 19; 933
1; 1; 20; 1334
1; 1; 21; 24294
1; 1; 22; 23852
1; 1; 23; 24322
1; 1; 24; 4357
1; 1; 25; 6428
1; 1; 26; 2346
1; 1; 27; 4576
1; 1; 28; 24042
1; 1; 29; 6321
1; 1; 30; 5297
1; 1; 31; 18720
1; 1; 32; 5344
1; 1; 33; 1179
1; 1; 34; 16673
1; 1; 35; 3333
1; 1; 36; 7070
1; 1; 37; 4487
1; 1; 38; 7374
1; 1; 39; 7646
1; 1; 40; 34486
1; 1; 41; 8233
1; 1; 42; 7137
1; 1; 43; 25584
1; 1; 44; 34646
1; 1; 45; 1067
1; 1; 46; 1517
1; 1; 47; 26046
1; 1; 48; 6248
1; 1; 49; 15674
1; 1; 50; 6828
1; 1; 51; 30812
1; 1; 52; 3348
1; 1; 53; 2456
1; 1; 54; 29342
1; 1; 55; 27700
1; 1; 56; 19000
1; 1; 57; 5037
1; 1; 58; 7941
1; 1; 59; 4750
1; 1; 60; 1407
1; 1; 61; 5018
1; 1; 62; 1732
1; 1; 63; 5571
1; 1; 64; 1826
1; 1; 65; 6136
1; 1; 66; 7953
1; 1; 67; 27613
1; 1; 68; 5128
1; 1; 69; 2334
1; 1; 70; 4824
1; 1; 71; 5105
1; 1; 72; 5190
1; 1; 73; 15487
1; 1; 74; 24078
1; 1; 75; 18
1; 1; 76; 4844
1; 1; 77; 6224
1; 1; 78; 895
1; 1; 79; 20621
1; 1; 80; 33425
1; 1; 81; 5221
1; 1; 82; 21701
1; 1; 83; 25195
1; 1; 84; 1755
1; 1; 85; 1745
1; 1; 86; 4988
1; 1; 87; 5202
1; 1; 88; 4748
1; 1; 89; 21276
1; 1; 90; 6289
1; 1; 91; 20231
1; 1; 92; 30809
1; 1; 93; 33666
1; 1; 94; 0
1; 1; 95; 32889
1; 1; 96; 32778
1; 1; 97; 1824
1; 1; 98; 4797
1; 1; 99; 1805
1; 1; 100; 1995
1; 1; 101; 20690
1; 1; 102; 7309
1; 1; 103; 4829
1; 1; 104; 4524
1; 1; 105; 5080
1; 1; 106; 7359
1; 1; 107; 7371
1; 1; 108; 26248
1; 1; 109; 16960
1; 1; 110; 7373
1; 1; 111; 24306
1; 1; 112; 1774
1; 1; 113; 32560
1; 1; 114; 7617
1; 1; 115; 0
2; 1; 1; 1594
2; 1; 2; 2688
2; 1; 3; 33236
2; 1; 4; 6498
2; 1; 5; 7772
2; 1; 6; 15911
2; 1; 7; 23990
2; 1; 8; 8269
2; 1; 9; 24882
2; 1; 10; 7694
2; 1; 11; 8033
2; 1; 12; 835
2; 1; 13; 8497
2; 1; 14; 1312
2; 1; 15; 29839
2; 1; 16; 24449
2; 1; 17; 26265
2; 1; 18; 22147
2; 1; 19; 1246
2; 1; 20; 6654
2; 1; 21; 1332
2; 1; 22; 2714
2; 1; 23; 1083
2; 1; 24; 24046
2; 1; 25; 1223
2; 1; 26; 778
2; 1; 27; 1337
2; 1; 28; 27158
2; 1; 29; 17733
2; 1; 30; 6181
2; 1; 31; 30075
2; 1; 32; 6274
2; 1; 33; 4318
2; 1; 34; 24330
2; 1; 35; 33071
2; 1; 36; 34611
2; 1; 37; 15031
2; 1; 38; 28985
2; 1; 39; 19186
2; 1; 40; 658
2; 1; 41; 17439
2; 1; 42; 2524
2; 1; 43; 24257
2; 1; 44; 5576
2; 1; 45; 15093
2; 1; 46; 24119
2; 1; 47; 943
2; 1; 48; 23988
2; 1; 49; 33003
2; 1; 50; 944
2; 1; 51; 597
2; 1; 52; 5762
2; 1; 53; 846
2; 1; 54; 30411
2; 1; 55; 538
2; 1; 56; 25776
2; 1; 57; 622
2; 1; 58; 4354
2; 1; 59; 5264
2; 1; 60; 30375
2; 1; 61; 5682
2; 1; 62; 32562
2; 1; 63; 32127
2; 1; 64; 2191
2; 1; 65; 31663
2; 1; 66; 31658
2; 1; 67; 2949
2; 1; 68; 2832
2; 1; 69; 5114
2; 1; 70; 15426
2; 1; 71; 5636
2; 1; 72; 6010
2; 1; 73; 34878
2; 1; 74; 4956
2; 1; 75; 5006
2; 1; 76; 4875
2; 1; 77; 34739
2; 1; 78; 15760
2; 1; 79; 24125
2; 1; 80; 4903
2; 1; 81; 6603
2; 1; 82; 25100
2; 1; 83; 7308
2; 1; 84; 2300
2; 1; 85; 2707
2; 1; 86; 1772
2; 1; 87; 8244
2; 1; 88; 19087
2; 1; 89; 4945
2; 1; 90; 5170
2; 1; 91; 4746
2; 1; 92; 4767
2; 1; 93; 4774
2; 1; 94; 31661
2; 1; 95; 0
1; 2; 1; 363
1; 2; 2; 30730
1; 2; 3; 27965
1; 2; 4; 20215
1; 2; 5; 24043
1; 2; 6; 2699
1; 2; 7; 22184
1; 2; 8; 16919
1; 2; 9; 6771
1; 2; 10; 6587
1; 2; 11; 2627
1; 2; 12; 16580
1; 2; 13; 23070
1; 2; 14; 8141
1; 2; 15; 19377
1; 2; 16; 6359
1; 2; 17; 4955
1; 2; 18; 29035
1; 2; 19; 4608
1; 2; 20; 5107
1; 2; 21; 8412
1; 2; 22; 5983
1; 2; 23; 2306
1; 2; 24; 26064
1; 2; 25; 1875
1; 2; 26; 5011
1; 2; 27; 15825
1; 2; 28; 34219
1; 2; 29; 15142
1; 2; 30; 7740
1; 2; 31; 31548
1; 2; 32; 5052
1; 2; 33; 32559
1; 2; 34; 33211
1; 2; 35; 1771
1; 2; 36; 5339
1; 2; 37; 1959
1; 2; 38; 7480
1; 2; 39; 25969
1; 2; 40; 31679
1; 2; 41; 1758
1; 2; 42; 22171
1; 2; 43; 4763
1; 2; 44; 5009
1; 2; 45; 31898
1; 2; 46; 6809
1; 2; 47; 32702
1; 2; 48; 7211
1; 2; 49; 4884
1; 2; 50; 15940
1; 2; 51; 5092
1; 2; 52; 6249
1; 2; 53; 576
1; 2; 54; 21807
1; 2; 55; 30968
1; 2; 56; 29895
1; 2; 57; 2314
1; 2; 58; 4910
1; 2; 59; 31461
1; 2; 60; 3205
1; 2; 61; 1663
1; 2; 62; 29266
1; 2; 63; 5204
1; 2; 64; 28315
1; 2; 65; 5126
1; 2; 66; 5055
1; 2; 67; 24120
1; 2; 68; 7300
1; 2; 69; 29730
1; 2; 70; 5239
1; 2; 71; 17201
1; 2; 72; 5205
1; 2; 73; 5542
1; 2; 74; 4851
1; 2; 75; 1903
1; 2; 76; 18872
1; 2; 77; 2091
1; 2; 78; 6168
1; 2; 79; 28899
1; 2; 80; 0
1; 2; 81; 2839
1; 2; 82; 7774
1; 2; 83; 603
1; 2; 84; 4800
1; 2; 85; 2316
1; 2; 86; 4753
1; 2; 87; 5224
1; 2; 88; 6925
1; 2; 89; 5555
1; 2; 90; 1895
1; 2; 91; 32606
1; 2; 92; 33849
1; 2; 93; 8361
1; 2; 94; 33686
1; 2; 95; 25213
1; 2; 96; 5878
1; 2; 97; 996
1; 2; 98; 24118
1; 2; 99; 4234
1; 2; 100; 34669
1; 2; 101; 7980
1; 2; 102; 5970
1; 2; 103; 162
1; 2; 104; 26862
1; 2; 105; 1280
1; 2; 106; 31136
1; 2; 107; 22771
1; 2; 108; 1256
1; 2; 109; 34050
1; 2; 110; 25341
1; 2; 111; 27692
1; 2; 112; 701
1; 2; 113; 32109
1; 2; 114; 747
1; 2; 115; 29087
1; 2; 116; 1522
1; 2; 117; 8272
1; 2; 118; 7709
1; 2; 119; 31152
1; 2; 120; 811
1; 2; 121; 935
1; 2; 122; 21094
1; 2; 123; 31801
1; 2; 124; 6863
1; 2; 125; 29744
1; 2; 126; 1018
1; 2; 127; 4454
1; 2; 128; 28198
1; 2; 129; 766
1; 2; 130; 868
1; 2; 131; 1336
1; 2; 132; 1278
1; 2; 133; 28007
1; 2; 134; 29885
1; 2; 135; 1590
1; 2; 136; 6912
1; 2; 137; 33954
1; 2; 138; 205
1; 2; 139; 688
1; 2; 140; 15168
1; 2; 141; 2094
1; 2; 142; 31904
1; 2; 143; 256
1; 2; 144; 25082
1; 2; 145; 30089
1; 2; 146; 7979
1; 2; 147; 30382
1; 2; 148; 844
1; 2; 149; 5882
1; 2; 150; 22751
1; 2; 151; 31183
1; 2; 152; 839
1; 2; 153; 31151
1; 2; 154; 1602
1; 2; 155; 4878
1; 2; 156; 34762
1; 2; 157; 0
2; 2; 1; 23728
2; 2; 2; 4814
2; 2; 3; 1043
2; 2; 4; 34424
2; 2; 5; 7097
2; 2; 6; 30825
2; 2; 7; 30149
2; 2; 8; 1211
2; 2; 9; 1506
2; 2; 10; 20419
2; 2; 11; 32864
2; 2; 12; 24461
2; 2; 13; 26190
2; 2; 14; 1603
2; 2; 15; 32711
2; 2; 16; 33070
2; 2; 17; 20844
2; 2; 18; 5794
2; 2; 19; 30863
2; 2; 20; 24229
2; 2; 21; 33
2; 2; 22; 927
2; 2; 23; 29973
2; 2; 24; 31047
2; 2; 25; 29911
2; 2; 26; 32949
2; 2; 27; 23982
2; 2; 28; 4721
2; 2; 29; 952
2; 2; 30; 962
2; 2; 31; 696
2; 2; 32; 31905
2; 2; 33; 945
2; 2; 34; 843
2; 2; 35; 21064
2; 2; 36; 24163
2; 2; 37; 810
2; 2; 38; 8409
2; 2; 39; 26763
2; 2; 40; 5185
2; 2; 41; 948
2; 2; 42; 1526
2; 2; 43; 32300
2; 2; 44; 30815
2; 2; 45; 571
2; 2; 46; 572
2; 2; 47; 7040
2; 2; 48; 2188
2; 2; 49; 32946
2; 2; 50; 4907
2; 2; 51; 23810
2; 2; 52; 4751
2; 2; 53; 5005
2; 2; 54; 28819
2; 2; 55; 4796
2; 2; 56; 1760
2; 2; 57; 30528
2; 2; 58; 17907
2; 2; 59; 1764
2; 2; 60; 5178
2; 2; 61; 34841
2; 2; 62; 1876
2; 2; 63; 5564
2; 2; 64; 2682
2; 2; 65; 6340
2; 2; 66; 0
1; 3; 1; 4986
1; 3; 2; 1374
1; 3; 3; 4773
1; 3; 4; 19155
1; 3; 5; 28125
1; 3; 6; 5004
1; 3; 7; 4934
1; 3; 8; 4816
1; 3; 9; 338
1; 3; 10; 8327
1; 3; 11; 8030
1; 3; 12; 8319
1; 3; 13; 20010
1; 3; 14; 1728
1; 3; 15; 3349
1; 3; 16; 3018
1; 3; 17; 4974
1; 3; 18; 4981
1; 3; 19; 27327
1; 3; 20; 3140
1; 3; 21; 21967
1; 3; 22; 31661
1; 3; 23; 31663
1; 3; 24; 32809
1; 3; 25; 4949
1; 3; 26; 960
1; 3; 27; 14930
1; 3; 28; 18835
1; 3; 29; 32694
1; 3; 30; 1731
1; 3; 31; 1584
1; 3; 32; 7505
1; 3; 33; 812
1; 3; 34; 733
1; 3; 35; 804
1; 3; 36; 785
1; 3; 37; 20963
1; 3; 38; 7791
1; 3; 39; 1174
1; 3; 40; 33781
1; 3; 41; 1007
1; 3; 42; 574
1; 3; 43; 23110
1; 3; 44; 7714
1; 3; 45; 526
1; 3; 46; 768
1; 3; 47; 573
1; 3; 48; 449
1; 3; 49; 24164
1; 3; 50; 32950
1; 3; 51; 9016
1; 3; 52; 33740
1; 3; 53; 941
1; 3; 54; 8369
1; 3; 55; 1005
1; 3; 56; 33953
1; 3; 57; 34389
1; 3; 58; 940
1; 3; 59; 946
1; 3; 60; 33839
1; 3; 61; 1640
1; 3; 62; 809
1; 3; 63; 34331
1; 3; 64; 24590
1; 3; 65; 25505
1; 3; 66; 949
1; 3; 67; 21839
1; 3; 68; 9490
1; 3; 69; 8444
1; 3; 70; 18996
1; 3; 71; 651
1; 3; 72; 8942
1; 3; 73; 32261
1; 3; 74; 395
1; 3; 75; 19441
1; 3; 76; 27561
1; 3; 77; 25543
1; 3; 78; 17714
1; 3; 79; 5296
1; 3; 80; 29892
1; 3; 81; 28517
1; 3; 82; 203
1; 3; 83; 1957
1; 3; 84; 16326
1; 3; 85; 21300
1; 3; 86; 25465
1; 3; 87; 20457
1; 3; 88; 3045
1; 3; 89; 33985
1; 3; 90; 6360
1; 3; 91; 33162
1; 3; 92; 26706
1; 3; 93; 836
1; 3; 94; 4779
1; 3; 95; 8131
1; 3; 96; 32895
1; 3; 97; 30824
1; 3; 98; 5139
1; 3; 99; 5232
1; 3; 100; 22342
1; 3; 101; 5015
1; 3; 102; 4992
1; 3; 103; 5097
1; 3; 104; 5061
1; 3; 105; 5109
1; 3; 106; 32568
1; 3; 107; 31658
1; 3; 108; 6316
1; 3; 109; 325
1; 3; 110; 4935
1; 3; 111; 29032
1; 3; 112; 0
2; 3; 1; 358
2; 3; 2; 4734
2; 3; 3; 3223
2; 3; 4; 33346
2; 3; 5; 2500
2; 3; 6; 28784
2; 3; 7; 34582
2; 3; 8; 4858
2; 3; 9; 33104
2; 3; 10; 1378
2; 3; 11; 34306
2; 3; 12; 7133
2; 3; 13; 32096
2; 3; 14; 18887
2; 3; 15; 24705
2; 3; 16; 24295
2; 3; 17; 31961
2; 3; 18; 29893
2; 3; 19; 1066
2; 3; 20; 18006
2; 3; 21; 1254
2; 3; 22; 5791
2; 3; 23; 1267
2; 3; 24; 851
2; 3; 25; 3134
2; 3; 26; 24044
2; 3; 27; 4358
2; 3; 28; 2652
2; 3; 29; 1063
2; 3; 30; 23391
2; 3; 31; 8584
2; 3; 32; 22483
2; 3; 33; 33996
2; 3; 34; 8188
2; 3; 35; 33904
2; 3; 36; 23955
2; 3; 37; 30164
2; 3; 38; 1303
2; 3; 39; 16132
2; 3; 40; 1040
2; 3; 41; 7747
2; 3; 42; 1015
2; 3; 43; 4201
2; 3; 44; 936
2; 3; 45; 27365
2; 3; 46; 30165
2; 3; 47; 930
2; 3; 48; 1335
2; 3; 49; 30365
2; 3; 50; 20453
2; 3; 51; 29204
2; 3; 52; 30242
2; 3; 53; 2728
2; 3; 54; 31441
2; 3; 55; 18837
2; 3; 56; 32168
2; 3; 57; 17379
2; 3; 58; 5473
2; 3; 59; 16759
2; 3; 60; 1064
2; 3; 61; 8363
2; 3; 62; 7753
2; 3; 63; 33532
2; 3; 64; 5053
2; 3; 65; 4815
2; 3; 66; 17969
2; 3; 67; 5888
2; 3; 68; 2539
2; 3; 69; 2353
2; 3; 70; 5787
2; 3; 71; 30875
2; 3; 72; 17262
2; 3; 73; 25860
2; 3; 74; 33024
2; 3; 75; 26054
2; 3; 76; 30710
2; 3; 77; 30229
2; 3; 78; 4838
2; 3; 79; 32285
2; 3; 80; 4766
2; 3; 81; 7541
2; 3; 82; 5861
2; 3; 83; 16607
2; 3; 84; 31913
2; 3; 85; 5082
2; 3; 86; 6144
2; 3; 87; 1727
2; 3; 88; 3003
2; 3; 89; 5017
2; 3; 90; 5856
2; 3; 91; 5141
2; 3; 92; 8368
2; 3; 93; 5063
2; 3; 94; 2100
2; 3; 95; 4235
2; 3; 96; 8365
2; 3; 97; 33666
2; 3; 98; 0
1; 4; 1; 33236
1; 4; 2; 29921
1; 4; 3; 5929
1; 4; 4; 5729
1; 4; 5; 5189
1; 4; 6; 18
1; 4; 7; 4978
1; 4; 8; 31023
1; 4; 9; 4904
1; 4; 10; 34679
1; 4; 11; 17095
1; 4; 12; 6888
1; 4; 13; 1734
1; 4; 14; 4896
1; 4; 15; 5788
1; 4; 16; 1854
1; 4; 17; 4926
1; 4; 18; 30872
1; 4; 19; 32538
1; 4; 20; 907
1; 4; 21; 7814
1; 4; 22; 24306
1; 4; 23; 7372
1; 4; 24; 15631
1; 4; 25; 23795
1; 4; 26; 28061
1; 4; 27; 7314
1; 4; 28; 620
1; 4; 29; 6955
1; 4; 30; 584
1; 4; 31; 6478
1; 4; 32; 7730
1; 4; 33; 34646
1; 4; 34; 550
1; 4; 35; 15674
1; 4; 36; 8290
1; 4; 37; 33976
1; 4; 38; 30814
1; 4; 39; 32735
1; 4; 40; 31188
1; 4; 41; 624
1; 4; 42; 31608
1; 4; 43; 34374
1; 4; 44; 1213
1; 4; 45; 23702
1; 4; 46; 6139
1; 4; 47; 20255
1; 4; 48; 2516
1; 4; 49; 4618
1; 4; 50; 34504
1; 4; 51; 31833
1; 4; 52; 7184
1; 4; 53; 23590
1; 4; 54; 3209
1; 4; 55; 6270
1; 4; 56; 6895
1; 4; 57; 16661
1; 4; 58; 23621
1; 4; 59; 6260
1; 4; 60; 31588
1; 4; 61; 22253
1; 4; 62; 5792
1; 4; 63; 8331
1; 4; 64; 21297
1; 4; 65; 30383
1; 4; 66; 1924
1; 4; 67; 3141
1; 4; 68; 29246
1; 4; 69; 1269
1; 4; 70; 17541
1; 4; 71; 32973
1; 4; 72; 24358
1; 4; 73; 3357
1; 4; 74; 33827
1; 4; 75; 33926
1; 4; 76; 29626
1; 4; 77; 850
1; 4; 78; 808
1; 4; 79; 27137
1; 4; 80; 23922
1; 4; 81; 23890
1; 4; 82; 7009
1; 4; 83; 508
1; 4; 84; 20412
1; 4; 85; 31323
1; 4; 86; 17665
1; 4; 87; 23880
1; 4; 88; 880
1; 4; 89; 972
1; 4; 90; 26241
1; 4; 91; 795
1; 4; 92; 3219
1; 4; 93; 2836
1; 4; 94; 361
1; 4; 95; 0
1; 4; 96; 4825
1; 4; 97; 5209
1; 4; 98; 3292
1; 4; 99; 820
1; 4; 100; 22296
1; 4; 101; 4775
1; 4; 102; 5111
1; 4; 103; 4985
1; 4; 104; 8413
1; 4; 105; 4977
1; 4; 106; 5146
1; 4; 107; 4895
1; 4; 108; 5142
1; 4; 109; 6272
1; 4; 110; 122
1; 4; 111; 6147
1; 4; 112; 6865
1; 4; 113; 5166
1; 4; 114; 8410
1; 4; 115; 4740
1; 4; 116; 19987
1; 4; 117; 5039
1; 4; 118; 34121
1; 4; 119; 6395
1; 4; 120; 4749
1; 4; 121; 20512
1; 4; 122; 892
1; 4; 123; 0
2; 4; 1; 34672
2; 4; 2; 21335
2; 4; 3; 4631
2; 4; 4; 8607
2; 4; 5; 2191
2; 4; 6; 8202
2; 4; 7; 767
2; 4; 8; 1720
2; 4; 9; 2212
2; 4; 10; 34593
2; 4; 11; 27124
2; 4; 12; 1583
2; 4; 13; 32876
2; 4; 14; 33206
2; 4; 15; 7316
2; 4; 16; 7477
2; 4; 17; 7237
2; 4; 18; 2740
2; 4; 19; 1000
2; 4; 20; 26046
2; 4; 21; 537
2; 4; 22; 33947
2; 4; 23; 1934
2; 4; 24; 562
2; 4; 25; 4994
2; 4; 26; 7953
2; 4; 27; 4969
2; 4; 28; 5351
2; 4; 29; 5127
2; 4; 30; 4755
2; 4; 31; 5550
2; 4; 32; 30238
2; 4; 33; 5093
2; 4; 34; 30969
2; 4; 35; 30370
2; 4; 36; 7308
2; 4; 37; 30152
2; 4; 38; 6217
2; 4; 39; 4958
2; 4; 40; 5362
2; 4; 41; 7104
2; 4; 42; 8211
2; 4; 43; 2680
2; 4; 44; 27189
2; 4; 45; 7359
2; 4; 46; 887
2; 4; 47; 7370
2; 4; 48; 7365
2; 4; 49; 697
2; 4; 50; 2939
2; 4; 51; 34366
2; 4; 52; 26401
2; 4; 53; 891
2; 4; 54; 1264
2; 4; 55; 1272
2; 4; 56; 18009
2; 4; 57; 31900
2; 4; 58; 204
2; 4; 59; 29839
2; 4; 60; 1041
2; 4; 61; 882
2; 4; 62; 24822
2; 4; 63; 3197
2; 4; 64; 23086
2; 4; 65; 4359
2; 4; 66; 19168
2; 4; 67; 16062
2; 4; 68; 8435
2; 4; 69; 32370
2; 4; 70; 23160
2; 4; 71; 143
2; 4; 72; 751
2; 4; 73; 1084
2; 4; 74; 1246
2; 4; 75; 6169
2; 4; 76; 24047
2; 4; 77; 16093
2; 4; 78; 642
2; 4; 79; 24389
2; 4; 80; 817
2; 4; 81; 7646
2; 4; 82; 4337
2; 4; 83; 3295
2; 4; 84; 15265
2; 4; 85; 20328
2; 4; 86; 956
2; 4; 87; 7720
2; 4; 88; 20533
2; 4; 89; 883
2; 4; 90; 6315
2; 4; 91; 2184
2; 4; 92; 4852
2; 4; 93; 28082
2; 4; 94; 19836
2; 4; 95; 4823
2; 4; 96; 24021
2; 4; 97; 0
1; 5; 1; 4842
1; 5; 2; 31020
1; 5; 3; 4579
1; 5; 4; 1188
1; 5; 5; 15180
1; 5; 6; 32109
1; 5; 7; 27100
1; 5; 8; 7083
1; 5; 9; 21094
1; 5; 10; 34544
1; 5; 11; 4319
1; 5; 12; 2483
1; 5; 13; 33002
1; 5; 14; 3330
1; 5; 15; 5679
1; 5; 16; 205
1; 5; 17; 1068
1; 5; 18; 1189
1; 5; 19; 26558
1; 5; 20; 33
1; 5; 21; 29399
1; 5; 22; 18963
1; 5; 23; 1605
1; 5; 24; 5553
1; 5; 25; 997
1; 5; 26; 30657
1; 5; 27; 1069
1; 5; 28; 1221
1; 5; 29; 1012
1; 5; 30; 1065
1; 5; 31; 25745
1; 5; 32; 34288
1; 5; 33; 406
1; 5; 34; 1212
1; 5; 35; 21343
1; 5; 36; 7492
1; 5; 37; 16908
1; 5; 38; 23596
1; 5; 39; 30026
1; 5; 40; 15074
1; 5; 41; 8418
1; 5; 42; 6587
1; 5; 43; 5038
1; 5; 44; 5804
1; 5; 45; 4831
1; 5; 46; 4801
1; 5; 47; 1601
1; 5; 48; 4857
1; 5; 49; 5175
1; 5; 50; 5176
1; 5; 51; 6286
1; 5; 52; 4987
1; 5; 53; 34458
1; 5; 54; 32823
1; 5; 55; 31663
1; 5; 56; 20793
1; 5; 57; 16697
1; 5; 58; 19697
1; 5; 59; 25678
1; 5; 60; 5010
1; 5; 61; 5056
1; 5; 62; 4991
1; 5; 63; 5832
1; 5; 64; 5058
1; 5; 65; 29250
1; 5; 66; 5144
1; 5; 67; 5140
1; 5; 68; 7161
1; 5; 69; 19546
1; 5; 70; 5152
1; 5; 71; 4780
1; 5; 72; 6887
1; 5; 73; 4783
1; 5; 74; 1739
1; 5; 75; 8414
1; 5; 76; 1751
1; 5; 77; 5050
1; 5; 78; 24120
1; 5; 79; 31279
1; 5; 80; 898
1; 5; 81; 2697
1; 5; 82; 34910
1; 5; 83; 4350
1; 5; 84; 4879
1; 5; 85; 4804
1; 5; 86; 5116
1; 5; 87; 2306
1; 5; 88; 2757
1; 5; 89; 32601
1; 5; 90; 5049
1; 5; 91; 2621
1; 5; 92; 15272
1; 5; 93; 1625
1; 5; 94; 6503
1; 5; 95; 0
1; 5; 96; 1726
1; 5; 97; 15767
1; 5; 98; 26836
1; 5; 99; 114
1; 5; 100; 28516
1; 5; 101; 0
2; 5; 1; 23728
2; 5; 2; 31661
2; 5; 3; 33666
2; 5; 4; 1888
2; 5; 5; 4970
2; 5; 6; 15458
2; 5; 7; 29509
2; 5; 8; 5012
2; 5; 9; 5219
2; 5; 10; 5407
2; 5; 11; 4763
2; 5; 12; 5159
2; 5; 13; 7740
2; 5; 14; 2698
2; 5; 15; 24162
2; 5; 16; 4752
2; 5; 17; 1181
2; 5; 18; 5048
2; 5; 19; 1585
2; 5; 20; 875
2; 5; 21; 730
2; 5; 22; 24180
2; 5; 23; 7315
2; 5; 24; 1155
2; 5; 25; 1017
2; 5; 26; 2188
2; 5; 27; 31469
2; 5; 28; 1324
2; 5; 29; 23155
2; 5; 30; 1273
2; 5; 31; 28007
2; 5; 32; 5793
2; 5; 33; 1669
2; 5; 34; 661
2; 5; 35; 5215
2; 5; 36; 34762
2; 5; 37; 5226
2; 5; 38; 31658
2; 5; 39; 0
