1; 1; 1; 33236
1; 1; 2; 3219
1; 1; 3; 20215
1; 1; 4; 15767
1; 1; 5; 795
1; 1; 6; 34910
1; 1; 7; 5015
1; 1; 8; 15458
1; 1; 9; 5362
1; 1; 10; 15940
1; 1; 11; 15426
1; 1; 12; 5929
1; 1; 13; 33666
1; 1; 14; 4904
1; 1; 15; 21701
1; 1; 16; 25195
1; 1; 17; 29921
1; 1; 18; 1824
1; 1; 19; 18
1; 1; 20; 22342
1; 1; 21; 4977
1; 1; 22; 33849
1; 1; 23; 4981
1; 1; 24; 4985
1; 1; 25; 5729
1; 1; 26; 4844
1; 1; 27; 17969
1; 1; 28; 5056
1; 1; 29; 4875
1; 1; 30; 15760
1; 1; 31; 5093
1; 1; 32; 7211
1; 1; 33; 3003
1; 1; 34; 30152
1; 1; 35; 6925
1; 1; 36; 5012
1; 1; 37; 5166
1; 1; 38; 2949
1; 1; 39; 6587
1; 1; 40; 18872
1; 1; 41; 875
1; 1; 42; 2699
1; 1; 43; 5232
1; 1; 44; 7309
1; 1; 45; 26079
1; 1; 46; 4956
1; 1; 47; 34878
1; 1; 48; 6289
1; 1; 49; 2680
1; 1; 50; 34762
1; 1; 51; 31183
1; 1; 52; 7980
1; 1; 53; 8131
1; 1; 54; 30165
1; 1; 55; 23922
1; 1; 56; 930
1; 1; 57; 844
1; 1; 58; 808
1; 1; 59; 27137
1; 1; 60; 26401
1; 1; 61; 3045
1; 1; 62; 20457
1; 1; 63; 203
1; 1; 64; 21297
1; 1; 65; 804
1; 1; 66; 8269
1; 1; 67; 2741
1; 1; 68; 8272
1; 1; 69; 3333
1; 1; 70; 8584
1; 1; 71; 34306
1; 1; 72; 935
1; 1; 73; 29175
1; 1; 74; 19000
1; 1; 75; 4858
1; 1; 76; 4814
1; 1; 77; 32813
1; 1; 78; 27327
1; 1; 79; 23728
1; 1; 80; 0
1; 1; 81; 15074
1; 1; 82; 4852
1; 1; 83; 31267
1; 1; 84; 603
1; 1; 85; 6340
1; 1; 86; 4823
1; 1; 87; 4751
1; 1; 88; 31461
1; 1; 89; 8368
1; 1; 90; 15272
1; 1; 91; 4974
1; 1; 92; 16580
1; 1; 93; 1772
1; 1; 94; 30370
1; 1; 95; 4903
1; 1; 96; 5011
1; 1; 97; 338
1; 1; 98; 28289
1; 1; 99; 19087
1; 1; 100; 5239
1; 1; 101; 8412
1; 1; 102; 5144
1; 1; 103; 19697
1; 1; 104; 2306
1; 1; 105; 1764
1; 1; 106; 32823
1; 1; 107; 31658
1; 1; 108; 6887
1; 1; 109; 1601
1; 1; 110; 31663
1; 1; 111; 1374
1; 1; 112; 7492
1; 1; 113; 0
2; 1; 1; 358
2; 1; 2; 6224
2; 1; 3; 4969
2; 1; 4; 28819
2; 1; 5; 4755
2; 1; 6; 16607
2; 1; 7; 1875
2; 1; 8; 5142
2; 1; 9; 1876
2; 1; 10; 7480
2; 1; 11; 17907
2; 1; 12; 6147
2; 1; 13; 24120
2; 1; 14; 25860
2; 1; 15; 17095
2; 1; 16; 32702
2; 1; 17; 2539
2; 1; 18; 7953
2; 1; 19; 4994
2; 1; 20; 6286
2; 1; 21; 4750
2; 1; 22; 32285
2; 1; 23; 4766
2; 1; 24; 7308
2; 1; 25; 29266
2; 1; 26; 5787
2; 1; 27; 8030
2; 1; 28; 6395
2; 1; 29; 30809
2; 1; 30; 1625
2; 1; 31; 7161
2; 1; 32; 1212
2; 1; 33; 28516
2; 1; 34; 538
2; 1; 35; 526
2; 1; 36; 2212
2; 1; 37; 5303
2; 1; 38; 7040
2; 1; 39; 584
2; 1; 40; 7477
2; 1; 41; 23726
2; 1; 42; 31188
2; 1; 43; 1213
2; 1; 44; 20255
2; 1; 45; 1332
2; 1; 46; 5036
2; 1; 47; 1256
2; 1; 48; 5679
2; 1; 49; 1603
2; 1; 50; 23160
2; 1; 51; 16661
2; 1; 52; 23456
2; 1; 53; 28022
2; 1; 54; 885
2; 1; 55; 5344
2; 1; 56; 27958
2; 1; 57; 24042
2; 1; 58; 29892
2; 1; 59; 30075
2; 1; 60; 6274
2; 1; 61; 17714
2; 1; 62; 27561
2; 1; 63; 3209
2; 1; 64; 31833
2; 1; 65; 1924
2; 1; 66; 1957
2; 1; 67; 25465
2; 1; 68; 1269
2; 1; 69; 1066
2; 1; 70; 33985
2; 1; 71; 1312
2; 1; 72; 1278
2; 1; 73; 33926
2; 1; 74; 933
2; 1; 75; 6654
2; 1; 76; 2714
2; 1; 77; 1211
2; 1; 78; 30825
2; 1; 79; 30149
2; 1; 80; 836
2; 1; 81; 22253
2; 1; 82; 6863
2; 1; 83; 6169
2; 1; 84; 31801
2; 1; 85; 5970
2; 1; 86; 7137
2; 1; 87; 22483
2; 1; 88; 8188
2; 1; 89; 14930
2; 1; 90; 7610
2; 1; 91; 31152
2; 1; 92; 17379
2; 1; 93; 24882
2; 1; 94; 27700
2; 1; 95; 25745
2; 1; 96; 4775
2; 1; 97; 30528
2; 1; 98; 29035
2; 1; 99; 5107
2; 1; 100; 5176
2; 1; 101; 2300
2; 1; 102; 27613
2; 1; 103; 6217
2; 1; 104; 1895
2; 1; 105; 4896
2; 1; 106; 2621
2; 1; 107; 26054
2; 1; 108; 31661
2; 1; 109; 0
1; 2; 1; 25188
1; 2; 2; 21335
1; 2; 3; 2688
1; 2; 4; 3223
1; 2; 5; 0
1; 2; 6; 24528
1; 2; 7; 7314
1; 2; 8; 4354
1; 2; 9; 23155
1; 2; 10; 32562
1; 2; 11; 2188
1; 2; 12; 34593
1; 2; 13; 15674
1; 2; 14; 32876
1; 2; 15; 574
1; 2; 16; 6248
1; 2; 17; 537
1; 2; 18; 6428
1; 2; 19; 8983
1; 2; 20; 16062
1; 2; 21; 33951
1; 2; 22; 6270
1; 2; 23; 17733
1; 2; 24; 19441
1; 2; 25; 24822
1; 2; 26; 1337
1; 2; 27; 28517
1; 2; 28; 18006
1; 2; 29; 34504
1; 2; 30; 1247
1; 2; 31; 8971
1; 2; 32; 34544
1; 2; 33; 25908
1; 2; 34; 1223
1; 2; 35; 162
1; 2; 36; 18837
1; 2; 37; 7505
1; 2; 38; 24389
1; 2; 39; 7709
1; 2; 40; 4987
1; 2; 41; 5202
1; 2; 42; 4763
1; 2; 43; 895
1; 2; 44; 4879
1; 2; 45; 33024
1; 2; 46; 5204
1; 2; 47; 4235
1; 2; 48; 3308
1; 2; 49; 34814
1; 2; 50; 31151
1; 2; 51; 4234
1; 2; 52; 4825
1; 2; 53; 24043
1; 2; 54; 23596
1; 2; 55; 0
2; 2; 1; 363
2; 2; 2; 4935
2; 2; 3; 4579
2; 2; 4; 5037
2; 2; 5; 4907
2; 2; 6; 5542
2; 2; 7; 8365
2; 2; 8; 16908
2; 2; 9; 25213
2; 2; 10; 5215
2; 2; 11; 661
2; 2; 12; 1188
2; 2; 13; 881
2; 2; 14; 936
2; 2; 15; 34669
2; 2; 16; 817
2; 2; 17; 508
2; 2; 18; 747
2; 2; 19; 32109
2; 2; 20; 20412
2; 2; 21; 1043
2; 2; 22; 24047
2; 2; 23; 33904
2; 2; 24; 26070
2; 2; 25; 5793
2; 2; 26; 24705
2; 2; 27; 6260
2; 2; 28; 883
2; 2; 29; 1241
2; 2; 30; 33070
2; 2; 31; 24330
2; 2; 32; 395
2; 2; 33; 121
2; 2; 34; 17957
2; 2; 35; 4333
2; 2; 36; 8331
2; 2; 37; 22147
2; 2; 38; 18009
2; 2; 39; 21300
2; 2; 40; 29246
2; 2; 41; 6360
2; 2; 42; 851
2; 2; 43; 24322
2; 2; 44; 15168
2; 2; 45; 1268
2; 2; 46; 30089
2; 2; 47; 24044
2; 2; 48; 24461
2; 2; 49; 25584
2; 2; 50; 1063
2; 2; 51; 2652
2; 2; 52; 24358
2; 2; 53; 26706
2; 2; 54; 9490
2; 2; 55; 658
2; 2; 56; 21839
2; 2; 57; 5762
2; 2; 58; 30758
2; 2; 59; 962
2; 2; 60; 696
2; 2; 61; 28043
2; 2; 62; 24119
2; 2; 63; 23982
2; 2; 64; 940
2; 2; 65; 952
2; 2; 66; 944
2; 2; 67; 33953
2; 2; 68; 981
2; 2; 69; 32952
2; 2; 70; 946
2; 2; 71; 33839
2; 2; 72; 1640
2; 2; 73; 843
2; 2; 74; 31905
2; 2; 75; 17439
2; 2; 76; 31047
2; 2; 77; 32950
2; 2; 78; 941
2; 2; 79; 23862
2; 2; 80; 8409
2; 2; 81; 25505
2; 2; 82; 1000
2; 2; 83; 25262
2; 2; 84; 622
2; 2; 85; 7316
2; 2; 86; 34650
2; 2; 87; 1067
2; 2; 88; 7011
2; 2; 89; 5264
2; 2; 90; 33976
2; 2; 91; 767
2; 2; 92; 25920
2; 2; 93; 562
2; 2; 94; 1720
2; 2; 95; 31469
2; 2; 96; 32946
2; 2; 97; 1774
2; 2; 98; 7370
2; 2; 99; 7373
2; 2; 100; 24306
2; 2; 101; 16960
2; 2; 102; 26248
2; 2; 103; 7357
2; 2; 104; 4815
2; 2; 105; 6010
2; 2; 106; 32568
2; 2; 107; 34739
2; 2; 108; 5339
2; 2; 109; 6865
2; 2; 110; 7740
2; 2; 111; 5146
2; 2; 112; 6272
2; 2; 113; 30875
2; 2; 114; 4842
2; 2; 115; 0
1; 3; 1; 5038
1; 3; 2; 4773
1; 3; 3; 7541
1; 3; 4; 5178
1; 3; 5; 4895
1; 3; 6; 8327
1; 3; 7; 898
1; 3; 8; 4796
1; 3; 9; 1732
1; 3; 10; 5017
1; 3; 11; 5055
1; 3; 12; 8141
1; 3; 13; 5159
1; 3; 14; 5555
1; 3; 15; 1995
1; 3; 16; 1734
1; 3; 17; 4797
1; 3; 18; 5983
1; 3; 19; 5832
1; 3; 20; 8319
1; 3; 21; 8413
1; 3; 22; 5111
1; 3; 23; 6316
1; 3; 24; 28315
1; 3; 25; 5114
1; 3; 26; 2832
1; 3; 27; 15487
1; 3; 28; 325
1; 3; 29; 820
1; 3; 30; 4801
1; 3; 31; 33532
1; 3; 32; 20690
1; 3; 33; 4878
1; 3; 34; 4782
1; 3; 35; 406
1; 3; 36; 114
1; 3; 37; 30026
1; 3; 38; 2500
1; 3; 39; 22184
1; 3; 40; 30730
1; 3; 41; 16575
1; 3; 42; 2091
1; 3; 43; 6315
1; 3; 44; 2184
1; 3; 45; 7617
1; 3; 46; 32809
1; 3; 47; 6249
1; 3; 48; 32778
1; 3; 49; 20793
1; 3; 50; 1407
1; 3; 51; 6809
1; 3; 52; 4780
1; 3; 53; 4350
1; 3; 54; 4838
1; 3; 55; 2316
1; 3; 56; 23070
1; 3; 57; 5126
1; 3; 58; 5131
1; 3; 59; 28082
1; 3; 60; 4746
1; 3; 61; 5063
1; 3; 62; 27965
1; 3; 63; 33666
1; 3; 64; 28825
1; 3; 65; 32102
1; 3; 66; 30229
1; 3; 67; 15142
1; 3; 68; 32601
1; 3; 69; 7300
1; 3; 70; 1760
1; 3; 71; 33425
1; 3; 72; 5788
1; 3; 73; 33211
1; 3; 74; 1771
1; 3; 75; 4911
1; 3; 76; 34121
1; 3; 77; 5039
1; 3; 78; 1758
1; 3; 79; 2353
1; 3; 80; 4748
1; 3; 81; 2334
1; 3; 82; 4955
1; 3; 83; 19155
1; 3; 84; 4608
1; 3; 85; 5152
1; 3; 86; 5140
1; 3; 87; 0
2; 3; 1; 1854
2; 3; 2; 33346
2; 3; 3; 4986
2; 3; 4; 34288
2; 3; 5; 34582
2; 3; 6; 31658
2; 3; 7; 34458
2; 3; 8; 3292
2; 3; 9; 1594
2; 3; 10; 31020
2; 3; 11; 7772
2; 3; 12; 34612
2; 3; 13; 1378
2; 3; 14; 23955
2; 3; 15; 16093
2; 3; 16; 32694
2; 3; 17; 7374
2; 3; 18; 1221
2; 3; 19; 5882
2; 3; 20; 30382
2; 3; 21; 7097
2; 3; 22; 1335
2; 3; 23; 34366
2; 3; 24; 751
2; 3; 25; 17541
2; 3; 26; 891
2; 3; 27; 1254
2; 3; 28; 20963
2; 3; 29; 256
2; 3; 30; 6912
2; 3; 31; 20453
2; 3; 32; 26190
2; 3; 33; 32711
2; 3; 34; 29399
2; 3; 35; 33071
2; 3; 36; 24229
2; 3; 37; 8435
2; 3; 38; 3141
2; 3; 39; 5791
2; 3; 40; 2728
2; 3; 41; 27158
2; 3; 42; 7184
2; 3; 43; 23086
2; 3; 44; 28985
2; 3; 45; 28367
2; 3; 46; 32776
2; 3; 47; 4881
2; 3; 48; 9016
2; 3; 49; 33740
2; 3; 50; 8369
2; 3; 51; 2524
2; 3; 52; 5908
2; 3; 53; 24257
2; 3; 54; 1200
2; 3; 55; 5576
2; 3; 56; 993
2; 3; 57; 4953
2; 3; 58; 1005
2; 3; 59; 4721
2; 3; 60; 597
2; 3; 61; 949
2; 3; 62; 846
2; 3; 63; 5185
2; 3; 64; 34331
2; 3; 65; 24164
2; 3; 66; 984
2; 3; 67; 34389
2; 3; 68; 644
2; 3; 69; 18715
2; 3; 70; 29911
2; 3; 71; 945
2; 3; 72; 4334
2; 3; 73; 21064
2; 3; 74; 809
2; 3; 75; 964
2; 3; 76; 3329
2; 3; 77; 7706
2; 3; 78; 950
2; 3; 79; 1526
2; 3; 80; 948
2; 3; 81; 19375
2; 3; 82; 1583
2; 3; 83; 34199
2; 3; 84; 33206
2; 3; 85; 768
2; 3; 86; 6955
2; 3; 87; 33947
2; 3; 88; 573
2; 3; 89; 449
2; 3; 90; 30411
2; 3; 91; 32127
2; 3; 92; 5682
2; 3; 93; 25776
2; 3; 94; 7072
2; 3; 95; 8201
2; 3; 96; 7237
2; 3; 97; 7315
2; 3; 98; 7730
2; 3; 99; 1517
2; 3; 100; 4831
2; 3; 101; 5636
2; 3; 102; 1663
2; 3; 103; 15825
2; 3; 104; 4934
2; 3; 105; 19377
2; 3; 106; 22171
2; 3; 107; 29509
2; 3; 108; 31898
2; 3; 109; 5888
2; 3; 110; 31279
2; 3; 111; 2757
2; 3; 112; 2698
2; 3; 113; 30710
2; 3; 114; 5226
2; 3; 115; 4949
2; 3; 116; 31663
2; 3; 117; 31661
2; 3; 118; 0
1; 4; 1; 972
1; 4; 2; 24118
1; 4; 3; 1602
1; 4; 4; 7747
1; 4; 5; 16132
1; 4; 6; 16759
1; 4; 7; 27100
1; 4; 8; 31323
1; 4; 9; 1731
1; 4; 10; 30824
1; 4; 11; 1012
1; 4; 12; 32895
1; 4; 13; 3348
1; 4; 14; 1069
1; 4; 15; 29626
1; 4; 16; 7430
1; 4; 17; 30657
1; 4; 18; 783
1; 4; 19; 997
1; 4; 20; 23391
1; 4; 21; 33781
1; 4; 22; 550
1; 4; 23; 32300
1; 4; 24; 8290
1; 4; 25; 2862
1; 4; 26; 27124
1; 4; 27; 1324
1; 4; 28; 23726
1; 4; 29; 624
1; 4; 30; 32735
1; 4; 31; 2740
1; 4; 32; 30375
1; 4; 33; 28061
1; 4; 34; 2259
1; 4; 35; 23795
1; 4; 36; 7437
1; 4; 37; 620
1; 4; 38; 8202
1; 4; 39; 730
1; 4; 40; 30872
1; 4; 41; 34762
1; 4; 42; 4950
1; 4; 43; 19836
1; 4; 44; 26515
1; 4; 45; 7774
1; 4; 46; 204
1; 4; 47; 26265
1; 4; 48; 882
1; 4; 49; 31025
1; 4; 50; 2511
1; 4; 51; 33513
1; 4; 52; 6378
1; 4; 53; 3197
1; 4; 54; 5794
1; 4; 55; 23590
1; 4; 56; 6321
1; 4; 57; 25543
1; 4; 58; 6181
1; 4; 59; 5297
1; 4; 60; 143
1; 4; 61; 3322
1; 4; 62; 8333
1; 4; 63; 25082
1; 4; 64; 2094
1; 4; 65; 22771
1; 4; 66; 31136
1; 4; 67; 1280
1; 4; 68; 5036
1; 4; 69; 3134
1; 4; 70; 785
1; 4; 71; 1264
1; 4; 72; 1267
1; 4; 73; 6139
1; 4; 74; 853
1; 4; 75; 23702
1; 4; 76; 4358
1; 4; 77; 2516
1; 4; 78; 20419
1; 4; 79; 2939
1; 4; 80; 26862
1; 4; 81; 1273
1; 4; 82; 1506
1; 4; 83; 4618
1; 4; 84; 29885
1; 4; 85; 8497
1; 4; 86; 23106
1; 4; 87; 16673
1; 4; 88; 5792
1; 4; 89; 1336
1; 4; 90; 766
1; 4; 91; 4088
1; 4; 92; 7083
1; 4; 93; 23990
1; 4; 94; 701
1; 4; 95; 4487
1; 4; 96; 7009
1; 4; 97; 23890
1; 4; 98; 8233
1; 4; 99; 25341
1; 4; 100; 34486
1; 4; 101; 1669
1; 4; 102; 30164
1; 4; 103; 18967
1; 4; 104; 0
1; 4; 105; 5170
1; 4; 106; 32559
1; 4; 107; 5550
1; 4; 108; 8414
1; 4; 109; 5219
1; 4; 110; 4824
1; 4; 111; 4857
1; 4; 112; 32606
1; 4; 113; 1728
1; 4; 114; 18
1; 4; 115; 5004
1; 4; 116; 5116
1; 4; 117; 30969
1; 4; 118; 1805
1; 4; 119; 2306
1; 4; 120; 5092
1; 4; 121; 31679
1; 4; 122; 7308
1; 4; 123; 4978
1; 4; 124; 5006
1; 4; 125; 28125
1; 4; 126; 5061
1; 4; 127; 4804
1; 4; 128; 5050
1; 4; 129; 4816
1; 4; 130; 5804
1; 4; 131; 8361
1; 4; 132; 4749
1; 4; 133; 20512
1; 4; 134; 26241
1; 4; 135; 6503
1; 4; 136; 0
2; 4; 1; 2839
2; 4; 2; 2836
2; 4; 3; 4734
2; 4; 4; 361
2; 4; 5; 4926
2; 4; 6; 16919
2; 4; 7; 32774
2; 4; 8; 23728
2; 4; 9; 22704
2; 4; 10; 8418
2; 4; 11; 6587
2; 4; 12; 20231
2; 4; 13; 19546
2; 4; 14; 8211
2; 4; 15; 3018
2; 4; 16; 4910
2; 4; 17; 4845
2; 4; 18; 1303
2; 4; 19; 642
2; 4; 20; 27692
2; 4; 21; 33996
2; 4; 22; 2741
2; 4; 23; 1522
2; 4; 24; 29087
2; 4; 25; 835
2; 4; 26; 27365
2; 4; 27; 6828
2; 4; 28; 1040
2; 4; 29; 7753
2; 4; 30; 5209
2; 4; 31; 6498
2; 4; 32; 33236
2; 4; 33; 3046
2; 4; 34; 21276
2; 4; 35; 21807
2; 4; 36; 20621
2; 4; 37; 31023
2; 4; 38; 5221
2; 4; 39; 25678
2; 4; 40; 34219
2; 4; 41; 5351
2; 4; 42; 1181
2; 4; 43; 122
2; 4; 44; 4752
2; 4; 45; 576
2; 4; 46; 5224
2; 4; 47; 26079
2; 4; 48; 24078
2; 4; 49; 2627
2; 4; 50; 4851
2; 4; 51; 23810
2; 4; 52; 4800
2; 4; 53; 5048
2; 4; 54; 5105
2; 4; 55; 4945
2; 4; 56; 6359
2; 4; 57; 4991
2; 4; 58; 19987
2; 4; 59; 1745
2; 4; 60; 4958
2; 4; 61; 8244
2; 4; 62; 24162
2; 4; 63; 4992
2; 4; 64; 5005
2; 4; 65; 17201
2; 4; 66; 8410
2; 4; 67; 29730
2; 4; 68; 5018
2; 4; 69; 1903
2; 4; 70; 28899
2; 4; 71; 3349
2; 4; 72; 4753
2; 4; 73; 4798
2; 4; 74; 34679
2; 4; 75; 2697
2; 4; 76; 1826
2; 4; 77; 4783
2; 4; 78; 5128
2; 4; 79; 4988
2; 4; 80; 7953
2; 4; 81; 24120
2; 4; 82; 4970
2; 4; 83; 34841
2; 4; 84; 5082
2; 4; 85; 6144
2; 4; 86; 5127
2; 4; 87; 5052
2; 4; 88; 31548
2; 4; 89; 1959
2; 4; 90; 5097
2; 4; 91; 4957
2; 4; 92; 5058
2; 4; 93; 29250
2; 4; 94; 25969
2; 4; 95; 5205
2; 4; 96; 0
1; 5; 1; 996
1; 5; 2; 33666
1; 5; 3; 31663
1; 5; 4; 2456
1; 5; 5; 733
1; 5; 6; 34424
1; 5; 7; 7070
1; 5; 8; 811
1; 5; 9; 31661
1; 5; 10; 892
1; 5; 11; 5473
1; 5; 12; 812
1; 5; 13; 23852
1; 5; 14; 1083
1; 5; 15; 16326
1; 5; 16; 30383
1; 5; 17; 31904
1; 5; 18; 24046
1; 5; 19; 15265
1; 5; 20; 868
1; 5; 21; 18887
1; 5; 22; 1174
1; 5; 23; 4337
1; 5; 24; 1007
1; 5; 25; 1017
1; 5; 26; 5229
1; 5; 27; 15674
1; 5; 28; 30815
1; 5; 29; 571
1; 5; 30; 2188
1; 5; 31; 6168
1; 5; 32; 4829
1; 5; 33; 2100
1; 5; 34; 33686
1; 5; 35; 0
1; 5; 36; 1726
1; 5; 37; 4631
1; 5; 38; 1585
1; 5; 39; 4767
1; 5; 40; 22296
1; 5; 41; 7104
1; 5; 42; 5189
1; 5; 43; 5856
1; 5; 44; 5080
1; 5; 45; 7814
1; 5; 46; 317
1; 5; 47; 33203
1; 5; 48; 19473
1; 5; 49; 7371
1; 5; 50; 7372
1; 5; 51; 24306
1; 5; 52; 908
1; 5; 53; 907
1; 5; 54; 2682
1; 5; 55; 29895
1; 5; 56; 17262
1; 5; 57; 1888
1; 5; 58; 5201
1; 5; 59; 16697
1; 5; 60; 6136
1; 5; 61; 5049
1; 5; 62; 1727
1; 5; 63; 7740
1; 5; 64; 6888
1; 5; 65; 5009
1; 5; 66; 4740
1; 5; 67; 5010
1; 5; 68; 5175
1; 5; 69; 4772
1; 5; 70; 5109
1; 5; 71; 5571
1; 5; 72; 5190
1; 5; 73; 4763
1; 5; 74; 5407
1; 5; 75; 2314
1; 5; 76; 31913
1; 5; 77; 5564
1; 5; 78; 26064
1; 5; 79; 1751
1; 5; 80; 1739
1; 5; 81; 6603
1; 5; 82; 24125
1; 5; 83; 25100
1; 5; 84; 5861
1; 5; 85; 0
2; 5; 1; 28495
2; 5; 2; 34672
2; 5; 3; 3140
2; 5; 4; 21967
2; 5; 5; 28784
2; 5; 6; 21343
2; 5; 7; 26836
2; 5; 8; 6771
2; 5; 9; 29032
2; 5; 10; 4774
2; 5; 11; 32889
2; 5; 12; 5139
2; 5; 13; 15911
2; 5; 14; 33104
2; 5; 15; 22751
2; 5; 16; 4201
2; 5; 17; 934
2; 5; 18; 1085
2; 5; 19; 850
2; 5; 20; 30968
2; 5; 21; 20010
2; 5; 22; 2707
2; 5; 23; 4884
2; 5; 24; 7941
2; 5; 25; 5141
2; 5; 26; 31658
2; 5; 27; 5053
2; 5; 28; 32538
2; 5; 29; 27189
2; 5; 30; 32560
2; 5; 31; 887
2; 5; 32; 7365
2; 5; 33; 7357
2; 5; 34; 8607
2; 5; 35; 23110
2; 5; 36; 7714
2; 5; 37; 6478
2; 5; 38; 572
2; 5; 39; 34650
2; 5; 40; 7618
2; 5; 41; 7472
2; 5; 42; 3295
2; 5; 43; 31961
2; 5; 44; 3357
2; 5; 45; 697
2; 5; 46; 32864
2; 5; 47; 32973
2; 5; 48; 29893
2; 5; 49; 1272
2; 5; 50; 24294
2; 5; 51; 24449
2; 5; 52; 778
2; 5; 53; 1041
2; 5; 54; 1068
2; 5; 55; 688
2; 5; 56; 25704
2; 5; 57; 32370
2; 5; 58; 32261
2; 5; 59; 5773
2; 5; 60; 30440
2; 5; 61; 30863
2; 5; 62; 26558
2; 5; 63; 34611
2; 5; 64; 6322
2; 5; 65; 4576
2; 5; 66; 1268
2; 5; 67; 24295
2; 5; 68; 33162
2; 5; 69; 30365
2; 5; 70; 1590
2; 5; 71; 1247
2; 5; 72; 1084
2; 5; 73; 33002
2; 5; 74; 31588
2; 5; 75; 32096
2; 5; 76; 4779
2; 5; 77; 17665
2; 5; 78; 960
2; 5; 79; 32109
2; 5; 80; 7720
2; 5; 81; 15180
2; 5; 82; 880
2; 5; 83; 7424
2; 5; 84; 23880
2; 5; 85; 20328
2; 5; 86; 956
2; 5; 87; 32168
2; 5; 88; 7979
2; 5; 89; 31441
2; 5; 90; 23037
2; 5; 91; 839
2; 5; 92; 1065
2; 5; 93; 30812
2; 5; 94; 8363
2; 5; 95; 24021
2; 5; 96; 0
